Id,Label,timeset,indegree,outdegree,Degree,weighted indegree,weighted outdegree,Weighted Degree
42.219.154.70,42.219.154.70,,237,495,732,1147,1065,2212
143.72.8.137,143.72.8.137,,20,20,40,19052,19116,38168
42.219.154.66,42.219.154.66,,166,368,534,951,995,1946
42.219.154.68,42.219.154.68,,156,451,607,969,1046,2015
42.219.152.20,42.219.152.20,,229,541,770,975,1006,1981
42.219.156.31,42.219.156.31,,220,449,669,1051,1086,2137
42.219.152.23,42.219.152.23,,179,394,573,1054,1112,2166
42.219.154.69,42.219.154.69,,148,377,525,863,940,1803
42.219.152.18,42.219.152.18,,170,468,638,1020,937,1957
42.219.156.27,42.219.156.27,,208,532,740,1243,1018,2261
42.219.158.17,42.219.158.17,,187,351,538,903,965,1868
42.219.152.22,42.219.152.22,,198,548,746,999,881,1880
42.219.156.29,42.219.156.29,,181,380,561,1241,1136,2377
42.219.156.30,42.219.156.30,,200,461,661,914,1182,2096
42.219.152.21,42.219.152.21,,210,539,749,1150,1074,2224
42.219.158.21,42.219.158.21,,211,476,687,1305,1322,2627
42.219.158.19,42.219.158.19,,140,468,608,920,956,1876
42.219.158.18,42.219.158.18,,157,382,539,859,868,1727
42.219.158.16,42.219.158.16,,314,618,932,1032,932,1964
42.219.154.71,42.219.154.71,,279,448,727,1352,1264,2616
42.219.156.28,42.219.156.28,,159,381,540,921,1121,2042
212.117.174.7,212.117.174.7,,20,0,20,0,0,0
12.96.117.26,12.96.117.26,,10,0,10,0,0,0
205.188.190.2,205.188.190.2,,17,0,17,0,0,0
66.94.237.64,66.94.237.64,,20,0,20,0,0,0
209.85.225.27,209.85.225.27,,20,0,20,0,0,0
64.12.90.33,64.12.90.33,,20,0,20,0,0,0
12.102.252.75,12.102.252.75,,10,0,10,0,0,0
212.118.156.90,212.118.156.90,,10,0,10,0,0,0
208.65.145.12,208.65.145.12,,10,0,10,0,0,0
168.95.5.68,168.95.5.68,,10,0,10,0,0,0
117.199.114.136,117.199.114.136,,10,0,10,0,0,0
205.188.59.193,205.188.59.193,,19,0,19,0,0,0
85.185.8.55,85.185.8.55,,10,0,10,0,0,0
65.54.188.126,65.54.188.126,,15,0,15,0,0,0
66.94.238.147,66.94.238.147,,9,0,9,0,0,0
213.165.64.102,213.165.64.102,,9,0,9,0,0,0
67.69.240.20,67.69.240.20,,8,0,8,0,0,0
49.114.102.212,49.114.102.212,,7,0,7,0,0,0
207.115.36.21,207.115.36.21,,13,0,13,0,0,0
168.95.5.40,168.95.5.40,,7,0,7,0,0,0
165.246.16.8,165.246.16.8,,7,0,7,0,0,0
204.211.252.146,204.211.252.146,,5,0,5,0,0,0
64.12.90.97,64.12.90.97,,18,0,18,0,0,0
62.24.139.61,62.24.139.61,,12,0,12,0,0,0
207.232.61.93,207.232.61.93,,12,0,12,0,0,0
178.137.128.94,178.137.128.94,,13,0,13,0,0,0
76.162.254.116,76.162.254.116,,5,0,5,0,0,0
74.125.93.27,74.125.93.27,,9,0,9,0,0,0
114.147.58.7,114.147.58.7,,6,0,6,0,0,0
200.175.8.148,200.175.8.148,,6,0,6,0,0,0
77.238.177.9,77.238.177.9,,20,0,20,0,0,0
98.139.175.224,98.139.175.224,,9,0,9,0,0,0
117.196.25.55,117.196.25.55,,14,0,14,0,0,0
41.223.57.76,41.223.57.76,,13,0,13,0,0,0
65.55.92.168,65.55.92.168,,16,0,16,0,0,0
76.96.62.116,76.96.62.116,,16,0,16,0,0,0
74.53.248.194,74.53.248.194,,10,0,10,0,0,0
65.55.37.88,65.55.37.88,,19,0,19,0,0,0
64.12.90.65,64.12.90.65,,20,0,20,0,0,0
205.188.146.193,205.188.146.193,,20,0,20,0,0,0
71.74.56.243,71.74.56.243,,20,0,20,0,0,0
98.137.54.237,98.137.54.237,,19,0,19,0,0,0
118.98.202.90,118.98.202.90,,14,0,14,0,0,0
74.6.136.65,74.6.136.65,,20,0,20,0,0,0
84.247.61.206,84.247.61.206,,13,0,13,0,0,0
204.127.217.21,204.127.217.21,,14,0,14,0,0,0
74.6.136.244,74.6.136.244,,19,0,19,0,0,0
65.55.92.152,65.55.92.152,,16,0,16,0,0,0
205.188.190.1,205.188.190.1,,20,0,20,0,0,0
99.236.68.164,99.236.68.164,,10,0,10,0,0,0
78.153.48.99,78.153.48.99,,14,0,14,0,0,0
205.188.59.194,205.188.59.194,,20,0,20,0,0,0
207.115.36.22,207.115.36.22,,20,0,20,0,0,0
66.94.237.139,66.94.237.139,,19,0,19,0,0,0
82.227.106.170,82.227.106.170,,10,0,10,0,0,0
62.149.225.190,62.149.225.190,,9,0,9,0,0,0
195.28.226.86,195.28.226.86,,8,0,8,0,0,0
202.141.255.46,202.141.255.46,,7,0,7,0,0,0
89.34.230.250,89.34.230.250,,6,0,6,0,0,0
203.188.197.119,203.188.197.119,,16,0,16,0,0,0
165.160.10.151,165.160.10.151,,6,0,6,0,0,0
74.125.43.27,74.125.43.27,,20,0,20,0,0,0
207.5.74.239,207.5.74.239,,6,0,6,0,0,0
216.33.127.20,216.33.127.20,,6,0,6,0,0,0
222.23.100.200,222.23.100.200,,7,0,7,0,0,0
77.127.110.198,77.127.110.198,,12,0,12,0,0,0
64.12.139.193,64.12.139.193,,20,0,20,0,0,0
199.228.142.102,199.228.142.102,,7,0,7,0,0,0
213.95.23.130,213.95.23.130,,7,0,7,0,0,0
98.137.54.238,98.137.54.238,,19,0,19,0,0,0
165.21.74.116,165.21.74.116,,7,0,7,0,0,0
89.228.163.103,89.228.163.103,,6,0,6,0,0,0
203.5.59.236,203.5.59.236,,6,0,6,0,0,0
65.55.92.184,65.55.92.184,,15,0,15,0,0,0
178.123.23.184,178.123.23.184,,6,0,6,0,0,0
205.188.103.1,205.188.103.1,,20,0,20,0,0,0
216.32.181.178,216.32.181.178,,20,0,20,0,0,0
210.212.164.162,210.212.164.162,,13,9,22,0,0,0
65.111.161.189,65.111.161.189,,6,0,6,0,0,0
194.67.211.76,194.67.211.76,,10,0,10,0,0,0
65.55.92.136,65.55.92.136,,20,0,20,0,0,0
173.160.140.70,173.160.140.70,,5,0,5,0,0,0
124.108.110.37,124.108.110.37,,16,0,16,0,0,0
66.230.175.168,66.230.175.168,,14,9,23,0,0,0
89.111.177.177,89.111.177.177,,12,0,12,0,0,0
195.137.160.20,195.137.160.20,,13,0,13,0,0,0
81.211.26.66,81.211.26.66,,20,0,20,0,0,0
65.54.188.110,65.54.188.110,,17,0,17,0,0,0
178.218.212.130,178.218.212.130,,13,0,13,0,0,0
94.245.160.209,94.245.160.209,,19,0,19,0,0,0
79.175.59.70,79.175.59.70,,13,0,13,0,0,0
65.54.188.72,65.54.188.72,,18,0,18,0,0,0
67.195.168.31,67.195.168.31,,18,0,18,0,0,0
89.111.177.200,89.111.177.200,,13,0,13,0,0,0
92.63.96.236,92.63.96.236,,14,0,14,0,0,0
165.21.74.121,165.21.74.121,,14,0,14,0,0,0
91.218.38.36,91.218.38.36,,18,0,18,0,0,0
91.206.222.71,91.206.222.71,,15,0,15,0,0,0
81.30.112.202,81.30.112.202,,13,0,13,0,0,0
95.163.16.202,95.163.16.202,,16,3,19,0,0,0
85.233.144.10,85.233.144.10,,14,0,14,0,0,0
178.162.163.199,178.162.163.199,,20,0,20,0,0,0
123.27.93.41,123.27.93.41,,9,0,9,0,0,0
88.212.221.10,88.212.221.10,,17,0,17,0,0,0
93.170.48.61,93.170.48.61,,20,0,20,0,0,0
193.252.22.142,193.252.22.142,,8,0,8,0,0,0
195.24.65.155,195.24.65.155,,12,0,12,0,0,0
78.24.218.162,78.24.218.162,,18,3,21,0,0,0
74.52.75.130,74.52.75.130,,20,9,29,0,0,0
64.202.126.109,64.202.126.109,,19,0,19,0,0,0
192.118.82.172,192.118.82.172,,9,0,9,0,0,0
195.19.204.76,195.19.204.76,,20,0,20,0,0,0
93.170.24.242,93.170.24.242,,13,0,13,0,0,0
216.68.8.214,216.68.8.214,,9,0,9,0,0,0
194.85.88.229,194.85.88.229,,17,0,17,0,0,0
195.88.207.18,195.88.207.18,,13,0,13,0,0,0
195.54.209.178,195.54.209.178,,13,0,13,0,0,0
213.189.198.7,213.189.198.7,,13,0,13,0,0,0
193.104.248.2,193.104.248.2,,19,0,19,0,0,0
212.48.143.203,212.48.143.203,,13,0,13,0,0,0
212.59.98.21,212.59.98.21,,12,0,12,0,0,0
113.255.129.49,113.255.129.49,,8,0,8,0,0,0
74.54.79.106,74.54.79.106,,17,3,20,0,0,0
81.177.24.85,81.177.24.85,,12,0,12,0,0,0
178.162.190.126,178.162.190.126,,17,5,22,0,0,0
128.107.234.206,128.107.234.206,,12,0,12,0,0,0
92.38.199.19,92.38.199.19,,11,0,11,0,0,0
178.63.49.46,178.63.49.46,,20,0,20,0,0,0
190.79.152.22,190.79.152.22,,7,0,7,0,0,0
72.14.213.27,72.14.213.27,,20,0,20,0,0,0
82.142.142.20,82.142.142.20,,10,0,10,0,0,0
174.133.57.141,174.133.57.141,,20,20,40,640,644,1284
212.117.171.138,212.117.171.138,,20,20,40,186,184,370
65.54.186.47,65.54.186.47,,5,5,10,0,0,0
173.192.170.88,173.192.170.88,,20,20,40,450,438,888
68.67.179.209,68.67.179.209,,6,6,12,0,0,0
147.32.84.171,147.32.84.171,,9,9,18,0,0,0
31.192.109.167,31.192.109.167,,20,20,40,217,220,437
220.181.65.141,220.181.65.141,,11,11,22,0,0,0
98.126.71.122,98.126.71.122,,20,20,40,80,81,161
195.113.232.98,195.113.232.98,,18,18,36,0,0,0
195.113.232.96,195.113.232.96,,11,11,22,0,0,0
98.139.212.139,98.139.212.139,,5,5,10,0,0,0
61.17.216.94,61.17.216.94,,5,5,10,0,0,0
61.150.114.216,61.150.114.216,,5,5,10,0,0,0
209.85.227.27,209.85.227.27,,11,0,11,0,0,0
83.99.172.192,83.99.172.192,,6,0,6,0,0,0
89.111.176.226,89.111.176.226,,17,0,17,0,0,0
82.138.17.133,82.138.17.133,,5,0,5,0,0,0
207.115.21.22,207.115.21.22,,18,0,18,0,0,0
83.152.81.217,83.152.81.217,,4,0,4,0,0,0
188.40.60.12,188.40.60.12,,11,0,11,0,0,0
85.214.220.206,85.214.220.206,,15,0,15,0,0,0
216.99.131.20,216.99.131.20,,5,0,5,0,0,0
188.40.54.222,188.40.54.222,,10,0,10,0,0,0
195.9.14.110,195.9.14.110,,11,0,11,0,0,0
82.206.239.241,82.206.239.241,,5,0,5,0,0,0
94.229.67.92,94.229.67.92,,16,0,16,0,0,0
88.198.234.174,88.198.234.174,,16,0,16,0,0,0
178.122.22.89,178.122.22.89,,9,0,9,0,0,0
77.246.107.36,77.246.107.36,,18,8,26,0,0,0
91.206.222.72,91.206.222.72,,13,4,17,0,0,0
89.111.176.149,89.111.176.149,,10,0,10,0,0,0
64.120.170.149,64.120.170.149,,7,0,7,0,0,0
119.154.75.69,119.154.75.69,,5,0,5,0,0,0
77.222.41.36,77.222.41.36,,13,0,13,0,0,0
95.58.159.249,95.58.159.249,,5,0,5,0,0,0
195.239.166.118,195.239.166.118,,4,0,4,0,0,0
168.95.5.16,168.95.5.16,,4,0,4,0,0,0
187.38.130.143,187.38.130.143,,10,0,10,0,0,0
195.225.241.72,195.225.241.72,,4,0,4,0,0,0
195.16.88.67,195.16.88.67,,19,4,23,0,0,0
178.121.31.113,178.121.31.113,,8,0,8,0,0,0
85.17.228.47,85.17.228.47,,14,2,16,0,0,0
88.198.12.76,88.198.12.76,,17,0,17,0,0,0
80.72.108.202,80.72.108.202,,3,0,3,0,0,0
83.136.235.194,83.136.235.194,,6,0,6,0,0,0
46.4.116.200,46.4.116.200,,9,5,14,0,0,0
98.136.59.15,98.136.59.15,,14,0,14,0,0,0
58.252.109.242,58.252.109.242,,10,0,10,0,0,0
173.241.196.95,173.241.196.95,,12,0,12,0,0,0
92.112.3.72,92.112.3.72,,5,0,5,0,0,0
62.213.75.149,62.213.75.149,,12,0,12,0,0,0
209.212.156.210,209.212.156.210,,12,0,12,0,0,0
92.53.96.75,92.53.96.75,,14,0,14,0,0,0
219.94.105.182,219.94.105.182,,12,0,12,0,0,0
74.125.39.27,74.125.39.27,,19,0,19,0,0,0
74.125.157.27,74.125.157.27,,20,0,20,0,0,0
64.12.90.1,64.12.90.1,,20,0,20,0,0,0
147.187.10.115,147.187.10.115,,11,0,11,0,0,0
61.177.120.254,61.177.120.254,,11,11,22,0,0,0
78.96.25.166,78.96.25.166,,13,14,27,0,0,0
218.94.106.74,218.94.106.74,,11,11,22,0,0,0
202.95.138.19,202.95.138.19,,11,11,22,0,0,0
27.255.59.54,27.255.59.54,,11,11,22,0,0,0
64.12.168.40,64.12.168.40,,11,11,22,0,0,0
213.111.249.148,213.111.249.148,,12,10,22,0,0,0
94.248.9.208,94.248.9.208,,10,10,20,0,0,0
123.236.248.177,123.236.248.177,,10,10,20,0,0,0
94.63.149.152,94.63.149.152,,10,10,20,0,0,0
60.190.223.75,60.190.223.75,,10,10,20,0,0,0
195.88.191.59,195.88.191.59,,10,10,20,0,0,0
221.130.69.202,221.130.69.202,,17,16,33,0,0,0
208.73.210.29,208.73.210.29,,20,20,40,75,77,152
74.125.232.218,74.125.232.218,,18,18,36,0,0,0
50.22.198.84,50.22.198.84,,17,17,34,0,0,0
178.125.252.68,178.125.252.68,,8,7,15,0,0,0
195.113.232.88,195.113.232.88,,18,19,37,0,0,0
209.191.88.254,209.191.88.254,,18,0,18,0,0,0
205.188.159.42,205.188.159.42,,17,0,17,0,0,0
210.211.186.114,210.211.186.114,,10,0,10,0,0,0
216.32.180.22,216.32.180.22,,17,0,17,0,0,0
195.186.19.144,195.186.19.144,,6,0,6,0,0,0
24.113.32.85,24.113.32.85,,6,0,6,0,0,0
218.248.255.243,218.248.255.243,,13,0,13,0,0,0
209.151.129.150,209.151.129.150,,5,0,5,0,0,0
67.197.150.10,67.197.150.10,,5,0,5,0,0,0
75.180.132.243,75.180.132.243,,15,0,15,0,0,0
78.66.98.217,78.66.98.217,,6,0,6,0,0,0
79.119.209.87,79.119.209.87,,10,0,10,0,0,0
38.113.83.4,38.113.83.4,,6,0,6,0,0,0
59.99.153.96,59.99.153.96,,6,0,6,0,0,0
218.102.53.148,218.102.53.148,,6,0,6,0,0,0
119.154.130.96,119.154.130.96,,6,0,6,0,0,0
66.196.94.104,66.196.94.104,,6,0,6,0,0,0
207.115.37.23,207.115.37.23,,16,0,16,0,0,0
207.173.161.49,207.173.161.49,,8,0,8,0,0,0
190.246.180.21,190.246.180.21,,8,0,8,0,0,0
202.80.173.5,202.80.173.5,,13,0,13,0,0,0
183.79.29.234,183.79.29.234,,7,0,7,0,0,0
64.98.36.4,64.98.36.4,,13,0,13,0,0,0
168.95.5.33,168.95.5.33,,7,0,7,0,0,0
69.84.129.233,69.84.129.233,,7,0,7,0,0,0
122.121.68.110,122.121.68.110,,7,0,7,0,0,0
128.121.85.2,128.121.85.2,,10,0,10,0,0,0
117.205.55.134,117.205.55.134,,7,0,7,0,0,0
38.102.228.16,38.102.228.16,,8,0,8,0,0,0
80.12.242.82,80.12.242.82,,8,0,8,0,0,0
208.43.190.231,208.43.190.231,,0,7,7,0,0,0
113.36.206.49,113.36.206.49,,6,0,6,0,0,0
212.184.64.202,212.184.64.202,,6,0,6,0,0,0
74.125.127.27,74.125.127.27,,19,0,19,0,0,0
89.108.129.67,89.108.129.67,,7,0,7,0,0,0
209.85.229.27,209.85.229.27,,19,0,19,0,0,0
188.64.112.2,188.64.112.2,,16,4,20,0,0,0
77.238.184.241,77.238.184.241,,18,0,18,0,0,0
188.64.112.5,188.64.112.5,,13,0,13,0,0,0
115.240.199.38,115.240.199.38,,5,0,5,0,0,0
62.118.120.61,62.118.120.61,,17,4,21,0,0,0
195.128.50.36,195.128.50.36,,17,0,17,0,0,0
89.208.153.2,89.208.153.2,,17,0,17,0,0,0
80.12.242.142,80.12.242.142,,6,0,6,0,0,0
27.251.19.95,27.251.19.95,,11,0,11,0,0,0
81.3.168.250,81.3.168.250,,12,0,12,0,0,0
81.9.80.10,81.9.80.10,,12,0,12,0,0,0
190.107.110.169,190.107.110.169,,5,0,5,0,0,0
78.110.50.88,78.110.50.88,,13,0,13,0,0,0
60.243.195.59,60.243.195.59,,6,0,6,0,0,0
69.50.196.9,69.50.196.9,,17,5,22,0,0,0
208.65.144.13,208.65.144.13,,15,0,15,0,0,0
79.132.91.208,79.132.91.208,,8,0,8,0,0,0
67.231.152.47,67.231.152.47,,9,0,9,0,0,0
210.75.13.174,210.75.13.174,,9,0,9,0,0,0
92.53.104.16,92.53.104.16,,19,0,19,0,0,0
118.34.142.43,118.34.142.43,,9,0,9,0,0,0
213.171.1.198,213.171.1.198,,19,0,19,0,0,0
190.114.77.46,190.114.77.46,,11,0,11,0,0,0
212.192.128.3,212.192.128.3,,15,0,15,0,0,0
94.137.182.140,94.137.182.140,,9,0,9,0,0,0
95.169.189.196,95.169.189.196,,16,10,26,0,0,0
81.26.143.243,81.26.143.243,,13,0,13,0,0,0
103.36.202.146,103.36.202.146,,20,20,40,206,109,315
69.39.82.252,69.39.82.252,,8,0,8,0,0,0
213.199.180.150,213.199.180.150,,17,0,17,0,0,0
116.72.72.149,116.72.72.149,,9,0,9,0,0,0
72.54.113.238,72.54.113.238,,4,0,4,0,0,0
89.200.164.105,89.200.164.105,,4,0,4,0,0,0
89.108.122.90,89.108.122.90,,11,0,11,0,0,0
61.17.216.28,61.17.216.28,,12,0,12,0,0,0
85.233.128.67,85.233.128.67,,3,0,3,0,0,0
62.209.51.127,62.209.51.127,,2,0,2,0,0,0
201.132.220.14,201.132.220.14,,2,0,2,0,0,0
81.177.1.85,81.177.1.85,,10,0,10,0,0,0
66.43.210.221,66.43.210.221,,3,0,3,0,0,0
82.103.123.207,82.103.123.207,,3,0,3,0,0,0
199.255.211.81,199.255.211.81,,4,0,4,0,0,0
83.221.6.50,83.221.6.50,,17,9,26,0,0,0
210.104.236.29,210.104.236.29,,4,0,4,0,0,0
119.154.54.142,119.154.54.142,,4,0,4,0,0,0
92.53.116.6,92.53.116.6,,5,0,5,0,0,0
77.89.69.181,77.89.69.181,,5,0,5,0,0,0
81.177.24.21,81.177.24.21,,5,0,5,0,0,0
78.249.161.87,78.249.161.87,,10,0,10,0,0,0
188.120.239.168,188.120.239.168,,13,0,13,0,0,0
95.163.15.194,95.163.15.194,,10,0,10,0,0,0
79.113.190.202,79.113.190.202,,5,0,5,0,0,0
77.222.41.41,77.222.41.41,,5,0,5,0,0,0
64.12.90.98,64.12.90.98,,17,0,17,0,0,0
165.199.8.51,165.199.8.51,,9,0,9,0,0,0
61.17.216.69,61.17.216.69,,9,0,9,0,0,0
68.6.19.3,68.6.19.3,,15,0,15,0,0,0
74.125.113.27,74.125.113.27,,10,0,10,0,0,0
190.136.214.243,190.136.214.243,,10,0,10,0,0,0
71.216.14.137,71.216.14.137,,10,0,10,0,0,0
66.96.142.52,66.96.142.52,,10,0,10,0,0,0
80.67.18.126,80.67.18.126,,10,0,10,0,0,0
168.95.5.12,168.95.5.12,,10,0,10,0,0,0
94.245.120.86,94.245.120.86,,15,0,15,0,0,0
221.226.242.228,221.226.242.228,,9,0,9,0,0,0
212.52.133.252,212.52.133.252,,8,0,8,0,0,0
64.136.44.37,64.136.44.37,,16,0,16,0,0,0
62.178.214.33,62.178.214.33,,13,0,13,0,0,0
65.55.37.72,65.55.37.72,,12,0,12,0,0,0
59.94.194.59,59.94.194.59,,8,0,8,0,0,0
65.55.37.104,65.55.37.104,,19,0,19,0,0,0
203.26.121.13,203.26.121.13,,8,0,8,0,0,0
178.40.252.140,178.40.252.140,,0,5,5,0,0,0
136.122.48.216,136.122.48.216,,0,1,1,0,0,0
129.95.32.78,129.95.32.78,,0,1,1,0,0,0
67.214.158.5,67.214.158.5,,19,18,37,0,0,0
212.12.200.158,212.12.200.158,,9,10,19,0,0,0
213.174.1.1,213.174.1.1,,0,5,5,0,0,0
195.113.232.83,195.113.232.83,,11,11,22,0,0,0
77.238.175.247,77.238.175.247,,6,6,12,0,0,0
68.67.185.214,68.67.185.214,,6,6,12,0,0,0
64.236.79.229,64.236.79.229,,6,6,12,0,0,0
27.255.59.70,27.255.59.70,,8,8,16,0,0,0
111.92.142.42,111.92.142.42,,10,10,20,0,0,0
58.252.109.240,58.252.109.240,,18,0,18,0,0,0
46.38.56.73,46.38.56.73,,13,0,13,0,0,0
210.211.247.235,210.211.247.235,,5,0,5,0,0,0
62.183.66.244,62.183.66.244,,5,0,5,0,0,0
62.213.110.35,62.213.110.35,,12,0,12,0,0,0
65.54.188.94,65.54.188.94,,9,0,9,0,0,0
203.200.75.221,203.200.75.221,,5,0,5,0,0,0
194.54.148.122,194.54.148.122,,5,0,5,0,0,0
89.108.79.57,89.108.79.57,,19,0,19,0,0,0
77.88.21.89,77.88.21.89,,18,0,18,0,0,0
61.26.131.206,61.26.131.206,,7,0,7,0,0,0
199.217.10.203,199.217.10.203,,7,0,7,0,0,0
89.108.70.32,89.108.70.32,,14,0,14,0,0,0
70.38.78.73,70.38.78.73,,7,0,7,0,0,0
188.93.212.21,188.93.212.21,,14,0,14,0,0,0
165.21.74.118,165.21.74.118,,8,0,8,0,0,0
46.4.54.212,46.4.54.212,,17,0,17,0,0,0
31.42.162.114,31.42.162.114,,9,0,9,0,0,0
92.38.225.40,92.38.225.40,,17,0,17,0,0,0
74.125.67.27,74.125.67.27,,14,0,14,0,0,0
190.37.39.215,190.37.39.215,,7,0,7,0,0,0
65.247.121.133,65.247.121.133,,7,0,7,0,0,0
180.222.96.138,180.222.96.138,,13,0,13,0,0,0
207.109.18.206,207.109.18.206,,7,0,7,0,0,0
209.236.119.101,209.236.119.101,,7,0,7,0,0,0
218.93.203.210,218.93.203.210,,8,0,8,0,0,0
168.61.70.72,168.61.70.72,,13,0,13,0,0,0
61.17.216.11,61.17.216.11,,8,0,8,0,0,0
207.150.182.107,207.150.182.107,,8,0,8,0,0,0
216.82.254.163,216.82.254.163,,8,0,8,0,0,0
220.143.177.200,220.143.177.200,,8,0,8,0,0,0
216.92.131.211,216.92.131.211,,8,0,8,0,0,0
74.125.47.27,74.125.47.27,,8,0,8,0,0,0
180.251.135.144,180.251.135.144,,13,0,13,0,0,0
194.247.64.1,194.247.64.1,,8,0,8,0,0,0
217.72.192.149,217.72.192.149,,14,0,14,0,0,0
205.188.156.193,205.188.156.193,,16,0,16,0,0,0
206.46.232.11,206.46.232.11,,18,0,18,0,0,0
66.148.175.178,66.148.175.178,,7,0,7,0,0,0
93.180.203.85,93.180.203.85,,13,0,13,0,0,0
213.174.1.227,213.174.1.227,,8,0,8,0,0,0
212.27.48.7,212.27.48.7,,8,0,8,0,0,0
184.172.33.106,184.172.33.106,,13,0,13,0,0,0
38.113.116.218,38.113.116.218,,8,0,8,0,0,0
76.96.30.116,76.96.30.116,,13,0,13,0,0,0
79.113.153.241,79.113.153.241,,9,0,9,0,0,0
157.205.238.165,157.205.238.165,,11,0,11,0,0,0
212.227.101.213,212.227.101.213,,8,0,8,0,0,0
218.102.23.149,218.102.23.149,,8,0,8,0,0,0
124.123.106.96,124.123.106.96,,10,0,10,0,0,0
82.241.240.73,82.241.240.73,,10,0,10,0,0,0
212.32.224.32,212.32.224.32,,11,0,11,0,0,0
114.57.53.106,114.57.53.106,,16,0,16,0,0,0
120.138.121.194,120.138.121.194,,10,0,10,0,0,0
61.177.181.139,61.177.181.139,,11,0,11,0,0,0
80.12.242.15,80.12.242.15,,11,0,11,0,0,0
89.46.59.46,89.46.59.46,,13,0,13,0,0,0
216.200.145.235,216.200.145.235,,13,0,13,0,0,0
78.138.172.217,78.138.172.217,,16,0,16,0,0,0
61.17.216.6,61.17.216.6,,12,0,12,0,0,0
174.142.95.9,174.142.95.9,,8,8,16,0,0,0
64.202.107.127,64.202.107.127,,9,8,17,0,0,0
174.122.110.168,174.122.110.168,,9,9,18,0,0,0
199.254.31.1,199.254.31.1,,8,8,16,0,0,0
83.222.3.162,83.222.3.162,,8,8,16,0,0,0
195.128.126.223,195.128.126.223,,8,8,16,0,0,0
85.25.99.145,85.25.99.145,,9,8,17,0,0,0
208.78.70.100,208.78.70.100,,9,9,18,0,0,0
217.73.201.219,217.73.201.219,,9,8,17,0,0,0
83.212.8.130,83.212.8.130,,8,8,16,0,0,0
194.149.131.2,194.149.131.2,,8,8,16,0,0,0
194.30.220.110,194.30.220.110,,8,8,16,0,0,0
205.234.134.55,205.234.134.55,,7,7,14,0,0,0
62.76.176.149,62.76.176.149,,7,7,14,0,0,0
89.208.114.156,89.208.114.156,,7,7,14,0,0,0
192.93.0.129,192.93.0.129,,7,7,14,0,0,0
188.120.35.52,188.120.35.52,,7,7,14,0,0,0
195.98.51.60,195.98.51.60,,6,0,6,0,0,0
83.174.196.141,83.174.196.141,,7,6,13,0,0,0
92.243.65.126,92.243.65.126,,6,6,12,0,0,0
95.167.71.209,95.167.71.209,,6,6,12,0,0,0
93.157.150.26,93.157.150.26,,6,6,12,0,0,0
195.161.53.2,195.161.53.2,,6,0,6,0,0,0
217.24.113.214,217.24.113.214,,6,6,12,0,0,0
192.228.79.205,192.228.79.205,,0,6,6,0,0,0
178.63.100.118,178.63.100.118,,6,6,12,0,0,0
195.98.64.65,195.98.64.65,,6,6,12,0,0,0
212.95.58.71,212.95.58.71,,5,6,11,0,0,0
173.255.235.206,173.255.235.206,,6,6,12,0,0,0
64.120.231.2,64.120.231.2,,6,6,12,0,0,0
81.222.87.243,81.222.87.243,,6,6,12,0,0,0
188.72.225.226,188.72.225.226,,6,6,12,0,0,0
91.121.49.79,91.121.49.79,,16,0,16,0,0,0
194.87.0.16,194.87.0.16,,15,0,15,0,0,0
77.221.128.102,77.221.128.102,,16,0,16,0,0,0
136.234.80.72,136.234.80.72,,10,0,10,0,0,0
195.238.5.129,195.238.5.129,,10,0,10,0,0,0
78.46.250.193,78.46.250.193,,16,0,16,0,0,0
87.118.116.14,87.118.116.14,,16,0,16,0,0,0
209.190.61.35,209.190.61.35,,16,4,20,0,0,0
199.124.61.3,199.124.61.3,,15,0,15,0,0,0
77.243.96.10,77.243.96.10,,15,0,15,0,0,0
178.208.82.126,178.208.82.126,,15,0,15,0,0,0
207.210.76.46,207.210.76.46,,8,0,8,0,0,0
62.213.110.156,62.213.110.156,,14,0,14,0,0,0
87.242.79.74,87.242.79.74,,14,0,14,0,0,0
64.120.247.194,64.120.247.194,,12,0,12,0,0,0
88.198.27.35,88.198.27.35,,13,0,13,0,0,0
174.142.90.173,174.142.90.173,,12,0,12,0,0,0
83.17.186.77,83.17.186.77,,7,0,7,0,0,0
212.27.48.6,212.27.48.6,,5,0,5,0,0,0
46.4.74.165,46.4.74.165,,9,0,9,0,0,0
89.238.159.206,89.238.159.206,,10,0,10,0,0,0
212.72.165.79,212.72.165.79,,15,10,25,0,0,0
85.221.145.247,85.221.145.247,,9,0,9,0,0,0
81.26.144.245,81.26.144.245,,11,0,11,0,0,0
89.108.67.8,89.108.67.8,,10,0,10,0,0,0
194.28.172.37,194.28.172.37,,15,0,15,0,0,0
68.137.135.222,68.137.135.222,,0,1,1,0,0,0
33.12.111.87,33.12.111.87,,0,5,5,0,0,0
195.225.38.43,195.225.38.43,,18,0,18,0,0,0
61.17.216.89,61.17.216.89,,7,0,7,0,0,0
218.94.62.106,218.94.62.106,,7,0,7,0,0,0
209.171.54.132,209.171.54.132,,7,0,7,0,0,0
67.231.144.94,67.231.144.94,,13,0,13,0,0,0
67.228.59.198,67.228.59.198,,13,0,13,0,0,0
85.185.226.13,85.185.226.13,,7,0,7,0,0,0
195.144.11.30,195.144.11.30,,7,0,7,0,0,0
89.145.85.120,89.145.85.120,,13,0,13,0,0,0
188.40.117.142,188.40.117.142,,12,4,16,0,0,0
86.111.9.178,86.111.9.178,,14,0,14,0,0,0
183.79.29.229,183.79.29.229,,8,0,8,0,0,0
60.243.38.64,60.243.38.64,,6,0,6,0,0,0
150.244.9.241,150.244.9.241,,6,0,6,0,0,0
117.96.96.152,117.96.96.152,,10,0,10,0,0,0
207.115.11.16,207.115.11.16,,9,0,9,0,0,0
195.50.106.142,195.50.106.142,,6,0,6,0,0,0
89.236.212.138,89.236.212.138,,7,0,7,0,0,0
208.77.218.115,208.77.218.115,,8,0,8,0,0,0
42.201.161.145,42.201.161.145,,8,0,8,0,0,0
62.177.218.114,62.177.218.114,,8,0,8,0,0,0
61.17.216.17,61.17.216.17,,9,0,9,0,0,0
78.46.183.235,78.46.183.235,,11,0,11,0,0,0
213.228.128.59,213.228.128.59,,7,0,7,0,0,0
65.54.188.78,65.54.188.78,,10,0,10,0,0,0
188.93.23.170,188.93.23.170,,9,0,9,0,0,0
89.188.104.6,89.188.104.6,,12,0,12,0,0,0
81.177.26.77,81.177.26.77,,11,0,11,0,0,0
79.174.66.33,79.174.66.33,,11,0,11,0,0,0
111.253.202.95,111.253.202.95,,6,0,6,0,0,0
206.123.66.59,206.123.66.59,,13,8,21,0,0,0
94.75.243.11,94.75.243.11,,10,0,10,0,0,0
195.54.162.79,195.54.162.79,,12,0,12,0,0,0
89.111.176.244,89.111.176.244,,10,0,10,0,0,0
64.59.134.8,64.59.134.8,,6,0,6,0,0,0
93.116.166.52,93.116.166.52,,7,0,7,0,0,0
180.177.137.11,180.177.137.11,,7,7,14,0,0,0
221.207.141.60,221.207.141.60,,7,7,14,0,0,0
93.178.250.214,93.178.250.214,,7,7,14,0,0,0
61.167.116.133,61.167.116.133,,16,16,32,0,0,0
184.164.142.139,184.164.142.139,,8,8,16,0,0,0
117.224.41.27,117.224.41.27,,8,8,16,0,0,0
209.127.193.138,209.127.193.138,,7,7,14,0,0,0
59.48.7.172,59.48.7.172,,8,8,16,0,0,0
68.67.185.212,68.67.185.212,,7,8,15,0,0,0
195.113.232.82,195.113.232.82,,11,11,22,0,0,0
217.163.21.41,217.163.21.41,,11,11,22,0,0,0
65.55.196.251,65.55.196.251,,7,7,14,0,0,0
66.118.142.89,66.118.142.89,,7,7,14,0,0,0
78.108.180.63,78.108.180.63,,7,7,14,0,0,0
199.203.78.2,199.203.78.2,,7,0,7,0,0,0
15.203.224.14,15.203.224.14,,6,6,12,0,0,0
212.118.52.2,212.118.52.2,,6,0,6,0,0,0
205.178.190.6,205.178.190.6,,6,5,11,0,0,0
206.83.79.30,206.83.79.30,,5,5,10,0,0,0
15.195.208.12,15.195.208.12,,4,4,8,0,0,0
217.10.132.144,217.10.132.144,,4,4,8,0,0,0
182.2.117.2,182.2.117.2,,4,4,8,0,0,0
186.110.109.63,186.110.109.63,,5,5,10,0,0,0
205.178.149.7,205.178.149.7,,4,0,4,0,0,0
165.212.8.32,165.212.8.32,,14,0,14,0,0,0
174.120.98.200,174.120.98.200,,5,0,5,0,0,0
220.194.21.2,220.194.21.2,,5,0,5,0,0,0
168.95.5.35,168.95.5.35,,5,0,5,0,0,0
200.52.193.188,200.52.193.188,,6,0,6,0,0,0
84.234.53.214,84.234.53.214,,6,0,6,0,0,0
64.12.90.34,64.12.90.34,,13,0,13,0,0,0
212.227.15.186,212.227.15.186,,6,0,6,0,0,0
193.235.142.173,193.235.142.173,,6,0,6,0,0,0
109.200.239.148,109.200.239.148,,6,0,6,0,0,0
74.125.45.27,74.125.45.27,,6,0,6,0,0,0
67.128.48.9,67.128.48.9,,8,0,8,0,0,0
194.242.61.17,194.242.61.17,,7,0,7,0,0,0
74.63.255.2,74.63.255.2,,7,0,7,0,0,0
83.164.192.67,83.164.192.67,,10,0,10,0,0,0
195.110.124.132,195.110.124.132,,4,0,4,0,0,0
218.57.210.214,218.57.210.214,,4,0,4,0,0,0
74.54.18.180,74.54.18.180,,10,0,10,0,0,0
200.147.36.15,200.147.36.15,,11,0,11,0,0,0
204.13.251.100,204.13.251.100,,5,6,11,0,0,0
208.78.69.76,208.78.69.76,,6,6,12,0,0,0
95.131.29.253,95.131.29.253,,6,6,12,0,0,0
81.177.23.117,81.177.23.117,,6,6,12,0,0,0
207.192.70.10,207.192.70.10,,6,0,6,0,0,0
209.190.61.42,209.190.61.42,,6,6,12,0,0,0
88.198.27.60,88.198.27.60,,6,6,12,0,0,0
208.76.62.100,208.76.62.100,,6,6,12,0,0,0
204.12.220.66,204.12.220.66,,5,5,10,0,0,0
208.76.63.100,208.76.63.100,,5,5,10,0,0,0
212.49.101.243,212.49.101.243,,5,5,10,0,0,0
74.54.94.228,74.54.94.228,,5,5,10,0,0,0
184.82.136.62,184.82.136.62,,5,5,10,0,0,0
89.145.121.86,89.145.121.86,,5,5,10,0,0,0
109.74.194.10,109.74.194.10,,5,0,5,0,0,0
62.165.32.250,62.165.32.250,,5,5,10,0,0,0
88.198.43.244,88.198.43.244,,5,5,10,0,0,0
95.131.31.150,95.131.31.150,,4,4,8,0,0,0
88.212.221.11,88.212.221.11,,4,4,8,0,0,0
83.149.224.209,83.149.224.209,,4,4,8,0,0,0
93.174.128.46,93.174.128.46,,6,5,11,0,0,0
83.222.4.37,83.222.4.37,,6,6,12,0,0,0
213.156.129.38,213.156.129.38,,6,6,12,0,0,0
89.108.78.105,89.108.78.105,,8,7,15,0,0,0
94.79.10.53,94.79.10.53,,8,8,16,0,0,0
85.91.99.99,85.91.99.99,,8,8,16,0,0,0
91.221.70.60,91.221.70.60,,9,8,17,0,0,0
80.253.16.2,80.253.16.2,,9,9,18,0,0,0
81.176.76.66,81.176.76.66,,9,9,18,0,0,0
195.24.71.30,195.24.71.30,,9,9,18,0,0,0
84.47.177.77,84.47.177.77,,8,9,17,0,0,0
91.221.71.59,91.221.71.59,,8,8,16,0,0,0
217.29.76.13,217.29.76.13,,8,8,16,0,0,0
212.89.225.134,212.89.225.134,,7,7,14,0,0,0
217.67.30.16,217.67.30.16,,7,7,14,0,0,0
86.110.226.47,86.110.226.47,,7,7,14,0,0,0
212.89.225.164,212.89.225.164,,7,7,14,0,0,0
111.189.83.201,111.189.83.201,,0,2,2,0,0,0
36.233.142.121,36.233.142.121,,0,5,5,0,0,0
222.156.17.145,222.156.17.145,,0,1,1,0,0,0
70.219.219.63,70.219.219.63,,0,1,1,0,0,0
72.182.39.98,72.182.39.98,,0,1,1,0,0,0
85.110.83.94,85.110.83.94,,0,1,1,0,0,0
111.189.83.170,111.189.83.170,,0,1,1,0,0,0
69.121.124.97,69.121.124.97,,0,5,5,0,0,0
194.231.171.145,194.231.171.145,,0,1,1,0,0,0
47.9.72.175,47.9.72.175,,0,1,1,0,0,0
77.167.64.33,77.167.64.33,,0,1,1,0,0,0
237.131.46.42,237.131.46.42,,0,5,5,0,0,0
254.211.60.174,254.211.60.174,,0,1,1,0,0,0
73.101.20.180,73.101.20.180,,0,1,1,0,0,0
246.7.145.80,246.7.145.80,,0,2,2,0,0,0
238.212.6.174,238.212.6.174,,0,5,5,0,0,0
211.31.34.4,211.31.34.4,,0,1,1,0,0,0
61.113.181.152,61.113.181.152,,0,20,20,0,0,0
220.156.142.32,220.156.142.32,,4,0,4,0,0,0
193.251.214.113,193.251.214.113,,5,0,5,0,0,0
58.60.63.116,58.60.63.116,,3,0,3,0,0,0
139.142.139.89,139.142.139.89,,3,0,3,0,0,0
82.226.248.139,82.226.248.139,,5,0,5,0,0,0
84.234.64.223,84.234.64.223,,5,0,5,0,0,0
162.119.233.131,162.119.233.131,,6,0,6,0,0,0
98.137.34.115,98.137.34.115,,6,0,6,0,0,0
68.1.17.3,68.1.17.3,,13,0,13,0,0,0
222.23.80.7,222.23.80.7,,7,0,7,0,0,0
65.55.37.120,65.55.37.120,,16,0,16,0,0,0
89.43.210.7,89.43.210.7,,7,0,7,0,0,0
130.113.196.54,130.113.196.54,,6,0,6,0,0,0
207.115.21.20,207.115.21.20,,6,0,6,0,0,0
61.17.216.70,61.17.216.70,,5,0,5,0,0,0
209.86.93.228,209.86.93.228,,6,0,6,0,0,0
117.201.114.47,117.201.114.47,,6,0,6,0,0,0
192.100.176.132,192.100.176.132,,7,0,7,0,0,0
64.26.60.153,64.26.60.153,,13,0,13,0,0,0
216.82.250.19,216.82.250.19,,7,0,7,0,0,0
199.246.162.3,199.246.162.3,,8,0,8,0,0,0
118.86.12.94,118.86.12.94,,8,0,8,0,0,0
62.231.15.143,62.231.15.143,,12,0,12,0,0,0
210.212.249.136,210.212.249.136,,7,0,7,0,0,0
41.240.106.5,41.240.106.5,,7,0,7,0,0,0
114.58.187.40,114.58.187.40,,7,0,7,0,0,0
32.97.182.141,32.97.182.141,,7,0,7,0,0,0
81.180.119.174,81.180.119.174,,0,6,6,0,0,0
243.223.254.200,243.223.254.200,,0,1,1,0,0,0
174.36.246.56,174.36.246.56,,16,16,32,0,0,0
95.172.94.49,95.172.94.49,,7,7,14,0,0,0
74.125.232.207,74.125.232.207,,7,7,14,0,0,0
178.151.76.180,178.151.76.180,,7,7,14,0,0,0
68.67.185.216,68.67.185.216,,7,6,13,0,0,0
68.67.185.205,68.67.185.205,,7,7,14,0,0,0
77.238.167.32,77.238.167.32,,6,6,12,0,0,0
178.165.97.227,178.165.97.227,,7,7,14,0,0,0
195.113.232.97,195.113.232.97,,13,12,25,0,0,0
91.214.134.197,91.214.134.197,,7,7,14,0,0,0
84.116.5.197,84.116.5.197,,0,7,7,0,0,0
68.67.185.217,68.67.185.217,,6,6,12,0,0,0
201.217.51.159,201.217.51.159,,10,9,19,0,0,0
74.125.232.217,74.125.232.217,,14,14,28,0,0,0
68.67.185.208,68.67.185.208,,8,8,16,0,0,0
217.163.21.37,217.163.21.37,,8,7,15,0,0,0
139.174.2.44,139.174.2.44,,4,0,4,0,0,0
117.242.61.2,117.242.61.2,,10,0,10,0,0,0
211.49.162.253,211.49.162.253,,5,0,5,0,0,0
178.148.4.76,178.148.4.76,,5,0,5,0,0,0
117.197.21.10,117.197.21.10,,4,0,4,0,0,0
62.183.66.246,62.183.66.246,,14,0,14,0,0,0
111.88.77.58,111.88.77.58,,9,0,9,0,0,0
111.88.79.41,111.88.79.41,,8,0,8,0,0,0
217.151.130.35,217.151.130.35,,15,0,15,0,0,0
109.70.26.36,109.70.26.36,,8,0,8,0,0,0
200.40.13.162,200.40.13.162,,8,0,8,0,0,0
117.204.64.132,117.204.64.132,,8,0,8,0,0,0
93.17.128.86,93.17.128.86,,8,0,8,0,0,0
65.55.88.22,65.55.88.22,,13,0,13,0,0,0
116.90.164.27,116.90.164.27,,8,0,8,0,0,0
64.191.120.172,64.191.120.172,,10,3,13,0,0,0
207.69.189.218,207.69.189.218,,7,0,7,0,0,0
193.252.22.92,193.252.22.92,,5,0,5,0,0,0
87.118.92.232,87.118.92.232,,5,0,5,0,0,0
82.146.40.5,82.146.40.5,,11,0,11,0,0,0
200.42.0.151,200.42.0.151,,7,0,7,0,0,0
87.120.70.1,87.120.70.1,,12,0,12,0,0,0
91.218.229.219,91.218.229.219,,11,0,11,0,0,0
125.114.134.15,125.114.134.15,,7,0,7,0,0,0
79.137.226.103,79.137.226.103,,11,0,11,0,0,0
217.16.28.65,217.16.28.65,,11,0,11,0,0,0
196.192.41.18,196.192.41.18,,7,0,7,0,0,0
87.224.128.126,87.224.128.126,,8,0,8,0,0,0
217.16.18.91,217.16.18.91,,8,0,8,0,0,0
111.88.33.160,111.88.33.160,,8,0,8,0,0,0
168.95.5.28,168.95.5.28,,8,0,8,0,0,0
192.35.51.32,192.35.51.32,,6,6,12,0,0,0
61.89.186.155,61.89.186.155,,6,6,12,0,0,0
117.204.73.246,117.204.73.246,,7,7,14,0,0,0
62.109.189.240,62.109.189.240,,8,8,16,0,0,0
93.170.24.3,93.170.24.3,,8,8,16,0,0,0
174.122.29.35,174.122.29.35,,13,8,21,0,0,0
61.17.216.4,61.17.216.4,,11,11,22,0,0,0
93.123.109.154,93.123.109.154,,9,9,18,0,0,0
95.100.248.96,95.100.248.96,,9,8,17,0,0,0
212.120.160.130,212.120.160.130,,9,9,18,0,0,0
216.246.35.234,216.246.35.234,,10,10,20,0,0,0
212.192.158.4,212.192.158.4,,10,10,20,0,0,0
213.171.4.2,213.171.4.2,,10,10,20,0,0,0
213.171.60.190,213.171.60.190,,10,9,19,0,0,0
188.120.245.231,188.120.245.231,,9,9,18,0,0,0
194.54.148.5,194.54.148.5,,9,9,18,0,0,0
178.125.172.9,178.125.172.9,,9,9,18,0,0,0
117.207.5.248,117.207.5.248,,10,9,19,0,0,0
200.217.210.248,200.217.210.248,,8,0,8,0,0,0
220.178.26.99,220.178.26.99,,8,0,8,0,0,0
178.122.89.175,178.122.89.175,,10,0,10,0,0,0
205.173.240.3,205.173.240.3,,11,0,11,0,0,0
118.136.111.104,118.136.111.104,,10,0,10,0,0,0
119.154.131.100,119.154.131.100,,13,0,13,0,0,0
119.154.70.142,119.154.70.142,,10,0,10,0,0,0
61.17.216.10,61.17.216.10,,9,0,9,0,0,0
196.46.139.51,196.46.139.51,,9,0,9,0,0,0
82.205.135.35,82.205.135.35,,10,0,10,0,0,0
195.98.32.200,195.98.32.200,,6,0,6,0,0,0
217.118.84.9,217.118.84.9,,6,0,6,0,0,0
95.143.13.71,95.143.13.71,,6,6,12,0,0,0
194.63.140.5,194.63.140.5,,6,6,12,0,0,0
195.64.192.35,195.64.192.35,,6,6,12,0,0,0
213.132.77.44,213.132.77.44,,6,6,12,0,0,0
81.25.161.2,81.25.161.2,,6,6,12,0,0,0
217.77.53.237,217.77.53.237,,6,6,12,0,0,0
208.76.61.100,208.76.61.100,,6,6,12,0,0,0
46.4.15.18,46.4.15.18,,6,6,12,0,0,0
212.65.65.208,212.65.65.208,,6,6,12,0,0,0
192.26.92.35,192.26.92.35,,8,8,16,0,0,0
195.230.64.13,195.230.64.13,,6,6,12,0,0,0
184.173.148.194,184.173.148.194,,6,6,12,0,0,0
64.22.70.65,64.22.70.65,,6,6,12,0,0,0
80.93.49.14,80.93.49.14,,6,6,12,0,0,0
213.132.77.46,213.132.77.46,,6,0,6,0,0,0
174.122.110.167,174.122.110.167,,6,6,12,0,0,0
83.222.2.33,83.222.2.33,,6,6,12,0,0,0
76.76.16.40,76.76.16.40,,11,10,21,0,0,0
83.222.15.90,83.222.15.90,,6,6,12,0,0,0
93.190.43.137,93.190.43.137,,5,6,11,0,0,0
85.17.228.48,85.17.228.48,,5,5,10,0,0,0
207.218.223.162,207.218.223.162,,5,5,10,0,0,0
89.108.124.168,89.108.124.168,,3,4,7,0,0,0
89.108.82.176,89.108.82.176,,2,0,2,0,0,0
212.49.98.151,212.49.98.151,,2,2,4,0,0,0
81.177.3.190,81.177.3.190,,11,0,11,0,0,0
178.162.137.203,178.162.137.203,,9,0,9,0,0,0
208.101.60.120,208.101.60.120,,11,0,11,0,0,0
174.142.184.181,174.142.184.181,,10,0,10,0,0,0
194.85.217.2,194.85.217.2,,14,8,22,0,0,0
78.140.170.176,78.140.170.176,,11,0,11,0,0,0
62.109.21.242,62.109.21.242,,12,0,12,0,0,0
91.219.194.11,91.219.194.11,,11,0,11,0,0,0
195.2.128.120,195.2.128.120,,7,0,7,0,0,0
178.137.7.22,178.137.7.22,,6,0,6,0,0,0
196.0.35.154,196.0.35.154,,6,0,6,0,0,0
76.73.3.98,76.73.3.98,,6,0,6,0,0,0
209.216.39.163,209.216.39.163,,5,0,5,0,0,0
117.203.229.154,117.203.229.154,,5,0,5,0,0,0
60.249.196.250,60.249.196.250,,9,0,9,0,0,0
27.255.33.216,27.255.33.216,,8,0,8,0,0,0
216.82.249.99,216.82.249.99,,6,0,6,0,0,0
89.38.42.156,89.38.42.156,,6,0,6,0,0,0
62.193.206.40,62.193.206.40,,5,0,5,0,0,0
117.197.182.9,117.197.182.9,,5,0,5,0,0,0
193.200.71.212,193.200.71.212,,5,0,5,0,0,0
80.121.155.228,80.121.155.228,,5,0,5,0,0,0
41.220.18.106,41.220.18.106,,5,0,5,0,0,0
117.204.67.233,117.204.67.233,,6,0,6,0,0,0
62.152.241.162,62.152.241.162,,12,0,12,0,0,0
143.19.70.13,143.19.70.13,,6,0,6,0,0,0
165.21.74.113,165.21.74.113,,6,0,6,0,0,0
190.151.53.33,190.151.53.33,,5,0,5,0,0,0
210.87.250.224,210.87.250.224,,5,0,5,0,0,0
178.90.6.143,178.90.6.143,,5,0,5,0,0,0
218.102.53.137,218.102.53.137,,6,0,6,0,0,0
74.208.5.3,74.208.5.3,,7,0,7,0,0,0
178.122.115.200,178.122.115.200,,7,0,7,0,0,0
81.169.145.101,81.169.145.101,,7,0,7,0,0,0
193.191.180.219,193.191.180.219,,7,0,7,0,0,0
66.94.236.34,66.94.236.34,,7,0,7,0,0,0
117.197.27.8,117.197.27.8,,6,0,6,0,0,0
150.228.43.61,150.228.43.61,,5,0,5,0,0,0
220.134.142.48,220.134.142.48,,6,0,6,0,0,0
74.208.5.90,74.208.5.90,,6,0,6,0,0,0
202.172.247.36,202.172.247.36,,6,0,6,0,0,0
83.137.128.231,83.137.128.231,,4,0,4,0,0,0
66.39.2.3,66.39.2.3,,4,0,4,0,0,0
41.233.20.42,41.233.20.42,,5,0,5,0,0,0
74.6.140.31,74.6.140.31,,5,0,5,0,0,0
85.158.141.190,85.158.141.190,,6,0,6,0,0,0
80.78.247.142,80.78.247.142,,5,5,10,0,0,0
89.145.85.34,89.145.85.34,,5,5,10,0,0,0
213.133.123.40,213.133.123.40,,5,6,11,0,0,0
77.243.96.250,77.243.96.250,,6,6,12,0,0,0
199.253.183.183,199.253.183.183,,6,6,12,0,0,0
195.248.235.150,195.248.235.150,,7,7,14,0,0,0
64.120.247.195,64.120.247.195,,7,7,14,0,0,0
81.91.161.99,81.91.161.99,,7,7,14,0,0,0
46.4.132.2,46.4.132.2,,7,7,14,0,0,0
89.188.105.6,89.188.105.6,,7,7,14,0,0,0
74.117.176.168,74.117.176.168,,7,7,14,0,0,0
178.162.145.144,178.162.145.144,,6,6,12,0,0,0
94.75.243.45,94.75.243.45,,6,6,12,0,0,0
69.135.55.158,69.135.55.158,,0,5,5,0,0,0
70.44.22.216,70.44.22.216,,0,1,1,0,0,0
77.51.226.230,77.51.226.230,,0,1,1,0,0,0
72.72.143.53,72.72.143.53,,0,1,1,0,0,0
245.89.218.89,245.89.218.89,,0,1,1,0,0,0
183.114.60.109,183.114.60.109,,0,1,1,0,0,0
248.29.196.56,248.29.196.56,,0,1,1,0,0,0
47.22.194.226,47.22.194.226,,0,1,1,0,0,0
92.104.168.243,92.104.168.243,,0,1,1,0,0,0
76.154.17.127,76.154.17.127,,0,1,1,0,0,0
237.131.134.218,237.131.134.218,,0,1,1,0,0,0
72.178.188.56,72.178.188.56,,0,1,1,0,0,0
237.158.163.155,237.158.163.155,,0,1,1,0,0,0
164.25.154.201,164.25.154.201,,0,1,1,0,0,0
92.104.193.93,92.104.193.93,,0,1,1,0,0,0
136.96.242.102,136.96.242.102,,0,1,1,0,0,0
194.231.140.151,194.231.140.151,,0,2,2,0,0,0
64.87.69.140,64.87.69.140,,0,1,1,0,0,0
72.228.73.245,72.228.73.245,,0,1,1,0,0,0
210.45.113.127,210.45.113.127,,0,2,2,0,0,0
71.79.151.116,71.79.151.116,,0,1,1,0,0,0
51.249.146.198,51.249.146.198,,0,1,1,0,0,0
237.5.211.112,237.5.211.112,,0,1,1,0,0,0
75.189.15.165,75.189.15.165,,0,1,1,0,0,0
48.65.204.70,48.65.204.70,,0,1,1,0,0,0
72.68.115.234,72.68.115.234,,0,1,1,0,0,0
228.162.229.221,228.162.229.221,,0,1,1,0,0,0
70.174.17.169,70.174.17.169,,0,1,1,0,0,0
44.126.89.85,44.126.89.85,,0,1,1,0,0,0
80.8.127.152,80.8.127.152,,0,1,1,0,0,0
178.26.98.199,178.26.98.199,,0,1,1,0,0,0
50.157.12.194,50.157.12.194,,0,1,1,0,0,0
71.143.72.48,71.143.72.48,,0,1,1,0,0,0
165.76.237.62,165.76.237.62,,0,1,1,0,0,0
246.7.129.241,246.7.129.241,,0,2,2,0,0,0
233.120.50.72,233.120.50.72,,0,1,1,0,0,0
173.8.51.130,173.8.51.130,,0,1,1,0,0,0
44.126.125.58,44.126.125.58,,0,1,1,0,0,0
154.69.168.179,154.69.168.179,,0,1,1,0,0,0
194.231.191.138,194.231.191.138,,0,1,1,0,0,0
164.236.219.230,164.236.219.230,,0,1,1,0,0,0
73.87.94.131,73.87.94.131,,0,1,1,0,0,0
243.170.203.163,243.170.203.163,,0,1,1,0,0,0
246.232.38.181,246.232.38.181,,0,1,1,0,0,0
64.95.150.55,64.95.150.55,,0,1,1,0,0,0
74.212.50.51,74.212.50.51,,0,1,1,0,0,0
202.22.82.240,202.22.82.240,,0,5,5,0,0,0
66.250.122.131,66.250.122.131,,0,1,1,0,0,0
208.113.57.99,208.113.57.99,,0,1,1,0,0,0
234.197.239.100,234.197.239.100,,0,1,1,0,0,0
217.116.134.150,217.116.134.150,,0,1,1,0,0,0
235.244.221.244,235.244.221.244,,0,1,1,0,0,0
71.78.125.90,71.78.125.90,,0,1,1,0,0,0
83.253.130.71,83.253.130.71,,0,3,3,0,0,0
245.117.240.107,245.117.240.107,,0,1,1,0,0,0
213.200.21.100,213.200.21.100,,0,1,1,0,0,0
66.248.70.178,66.248.70.178,,0,1,1,0,0,0
112.92.32.76,112.92.32.76,,0,1,1,0,0,0
154.203.4.50,154.203.4.50,,0,1,1,0,0,0
237.131.53.203,237.131.53.203,,0,1,1,0,0,0
57.73.127.194,57.73.127.194,,5,5,10,0,0,0
109.237.213.143,109.237.213.143,,5,5,10,0,0,0
94.229.64.213,94.229.64.213,,5,5,10,0,0,0
85.17.28.170,85.17.28.170,,6,6,12,0,0,0
209.190.61.34,209.190.61.34,,6,6,12,0,0,0
188.40.227.37,188.40.227.37,,6,5,11,0,0,0
78.159.115.163,78.159.115.163,,5,5,10,0,0,0
111.189.83.203,111.189.83.203,,0,1,1,0,0,0
124.254.72.89,124.254.72.89,,6,0,6,0,0,0
168.95.6.65,168.95.6.65,,5,0,5,0,0,0
207.115.37.20,207.115.37.20,,5,0,5,0,0,0
212.113.174.24,212.113.174.24,,5,0,5,0,0,0
187.16.23.22,187.16.23.22,,5,0,5,0,0,0
210.72.66.210,210.72.66.210,,5,0,5,0,0,0
41.239.162.145,41.239.162.145,,5,0,5,0,0,0
141.146.126.228,141.146.126.228,,5,0,5,0,0,0
93.177.150.210,93.177.150.210,,5,0,5,0,0,0
199.239.254.18,199.239.254.18,,4,0,4,0,0,0
64.90.188.132,64.90.188.132,,4,0,4,0,0,0
111.88.31.68,111.88.31.68,,9,0,9,0,0,0
66.199.31.140,66.199.31.140,,4,0,4,0,0,0
67.72.106.4,67.72.106.4,,4,0,4,0,0,0
153.45.88.198,153.45.88.198,,4,0,4,0,0,0
94.127.76.180,94.127.76.180,,9,9,18,0,0,0
94.95.56.138,94.95.56.138,,9,9,18,0,0,0
114.27.11.170,114.27.11.170,,9,9,18,0,0,0
195.113.232.89,195.113.232.89,,14,14,28,0,0,0
190.204.173.239,190.204.173.239,,4,0,4,0,0,0
186.202.4.42,186.202.4.42,,4,0,4,0,0,0
188.31.110.123,188.31.110.123,,0,1,1,0,0,0
222.156.17.193,222.156.17.193,,0,3,3,0,0,0
69.60.250.141,69.60.250.141,,0,1,1,0,0,0
69.60.250.66,69.60.250.66,,0,1,1,0,0,0
215.149.209.215,215.149.209.215,,0,1,1,0,0,0
232.123.238.85,232.123.238.85,,0,1,1,0,0,0
40.64.92.43,40.64.92.43,,0,1,1,0,0,0
237.106.7.146,237.106.7.146,,0,1,1,0,0,0
240.62.27.30,240.62.27.30,,0,3,3,0,0,0
237.84.122.119,237.84.122.119,,0,1,1,0,0,0
216.243.134.227,216.243.134.227,,0,1,1,0,0,0
93.179.56.1,93.179.56.1,,0,20,20,0,0,0
152.182.171.118,152.182.171.118,,0,1,1,0,0,0
69.60.250.182,69.60.250.182,,0,1,1,0,0,0
200.42.13.53,200.42.13.53,,0,1,1,0,0,0
213.118.182.215,213.118.182.215,,0,1,1,0,0,0
166.161.239.48,166.161.239.48,,0,1,1,0,0,0
71.106.21.248,71.106.21.248,,0,1,1,0,0,0
71.140.39.186,71.140.39.186,,0,1,1,0,0,0
223.73.100.93,223.73.100.93,,0,1,1,0,0,0
60.226.87.138,60.226.87.138,,0,1,1,0,0,0
227.123.66.126,227.123.66.126,,0,1,1,0,0,0
36.113.140.145,36.113.140.145,,0,1,1,0,0,0
158.126.190.112,158.126.190.112,,0,1,1,0,0,0
50.162.198.81,50.162.198.81,,0,1,1,0,0,0
218.37.99.27,218.37.99.27,,0,1,1,0,0,0
133.252.162.68,133.252.162.68,,0,1,1,0,0,0
73.185.140.173,73.185.140.173,,0,1,1,0,0,0
208.131.44.1,208.131.44.1,,0,1,1,0,0,0
221.159.183.230,221.159.183.230,,0,2,2,0,0,0
250.151.97.170,250.151.97.170,,0,1,1,0,0,0
190.76.248.192,190.76.248.192,,0,1,1,0,0,0
217.231.253.59,217.231.253.59,,0,5,5,0,0,0
193.206.141.46,193.206.141.46,,8,8,16,0,0,0
194.0.1.22,194.0.1.22,,8,8,16,0,0,0
195.110.124.140,195.110.124.140,,8,7,15,0,0,0
81.176.233.100,81.176.233.100,,7,7,14,0,0,0
90.151.160.92,90.151.160.92,,7,7,14,0,0,0
213.85.107.181,213.85.107.181,,7,7,14,0,0,0
213.182.176.204,213.182.176.204,,7,7,14,0,0,0
81.18.135.38,81.18.135.38,,7,7,14,0,0,0
194.151.203.112,194.151.203.112,,7,7,14,0,0,0
62.231.15.130,62.231.15.130,,7,7,14,0,0,0
193.232.212.12,193.232.212.12,,11,12,23,0,0,0
78.159.109.207,78.159.109.207,,8,8,16,0,0,0
89.108.73.226,89.108.73.226,,7,8,15,0,0,0
212.59.117.99,212.59.117.99,,7,7,14,0,0,0
89.208.147.185,89.208.147.185,,7,7,14,0,0,0
188.72.245.48,188.72.245.48,,7,7,14,0,0,0
194.84.153.132,194.84.153.132,,6,6,12,0,0,0
46.39.224.100,46.39.224.100,,6,6,12,0,0,0
66.96.204.9,66.96.204.9,,6,6,12,0,0,0
193.169.188.134,193.169.188.134,,6,6,12,0,0,0
89.108.118.140,89.108.118.140,,6,6,12,0,0,0
212.58.192.12,212.58.192.12,,6,5,11,0,0,0
195.68.160.47,195.68.160.47,,5,5,10,0,0,0
77.221.148.163,77.221.148.163,,5,5,10,0,0,0
95.141.192.27,95.141.192.27,,5,5,10,0,0,0
78.46.43.173,78.46.43.173,,5,5,10,0,0,0
87.239.144.1,87.239.144.1,,5,5,10,0,0,0
85.235.205.2,85.235.205.2,,5,5,10,0,0,0
217.199.217.200,217.199.217.200,,5,4,9,0,0,0
199.6.0.30,199.6.0.30,,4,4,8,0,0,0
213.219.13.131,213.219.13.131,,4,2,6,0,0,0
178.150.146.54,178.150.146.54,,10,0,10,0,0,0
217.19.6.21,217.19.6.21,,6,0,6,0,0,0
186.215.209.178,186.215.209.178,,10,0,10,0,0,0
64.207.35.180,64.207.35.180,,11,0,11,0,0,0
62.149.205.244,62.149.205.244,,7,0,7,0,0,0
193.252.22.185,193.252.22.185,,7,0,7,0,0,0
79.140.237.191,79.140.237.191,,7,0,7,0,0,0
93.103.2.3,93.103.2.3,,8,0,8,0,0,0
213.189.198.9,213.189.198.9,,7,0,7,0,0,0
188.93.16.29,188.93.16.29,,10,10,20,0,0,0
188.93.17.29,188.93.17.29,,10,9,19,0,0,0
91.194.10.15,91.194.10.15,,9,9,18,0,0,0
199.212.0.73,199.212.0.73,,9,9,18,0,0,0
81.177.3.15,81.177.3.15,,9,9,18,0,0,0
75.126.150.82,75.126.150.82,,8,8,16,0,0,0
195.54.162.81,195.54.162.81,,8,9,17,0,0,0
208.101.60.121,208.101.60.121,,9,9,18,0,0,0
85.172.8.54,85.172.8.54,,8,0,8,0,0,0
195.94.247.53,195.94.247.53,,8,8,16,0,0,0
87.239.22.207,87.239.22.207,,8,8,16,0,0,0
207.97.244.36,207.97.244.36,,8,8,16,0,0,0
217.69.210.242,217.69.210.242,,10,10,20,0,0,0
174.123.68.15,174.123.68.15,,10,10,20,0,0,0
212.48.143.201,212.48.143.201,,10,10,20,0,0,0
95.211.130.26,95.211.130.26,,11,11,22,0,0,0
83.164.192.3,83.164.192.3,,10,10,20,0,0,0
84.47.188.82,84.47.188.82,,10,10,20,0,0,0
85.25.34.84,85.25.34.84,,10,10,20,0,0,0
213.219.99.59,213.219.99.59,,10,10,20,0,0,0
116.90.164.2,116.90.164.2,,0,9,9,0,0,0
174.123.87.100,174.123.87.100,,10,0,10,0,0,0
89.111.178.33,89.111.178.33,,12,0,12,0,0,0
219.145.198.122,219.145.198.122,,5,0,5,0,0,0
67.225.137.254,67.225.137.254,,2,2,4,0,0,0
89.255.68.114,89.255.68.114,,2,2,4,0,0,0
92.243.94.228,92.243.94.228,,1,1,2,0,0,0
212.95.33.29,212.95.33.29,,1,1,2,0,0,0
85.233.160.68,85.233.160.68,,3,1,4,0,0,0
217.160.83.200,217.160.83.200,,3,3,6,0,0,0
213.234.192.1,213.234.192.1,,3,3,6,0,0,0
116.193.128.2,116.193.128.2,,3,3,6,0,0,0
95.211.111.242,95.211.111.242,,3,3,6,0,0,0
204.61.216.12,204.61.216.12,,3,3,6,0,0,0
88.198.54.6,88.198.54.6,,3,3,6,0,0,0
194.85.96.53,194.85.96.53,,3,3,6,0,0,0
184.106.213.57,184.106.213.57,,6,6,12,0,0,0
178.125.53.75,178.125.53.75,,4,0,4,0,0,0
195.83.247.29,195.83.247.29,,4,0,4,0,0,0
117.206.80.51,117.206.80.51,,4,0,4,0,0,0
62.128.158.226,62.128.158.226,,4,0,4,0,0,0
44.127.108.188,44.127.108.188,,0,5,5,0,0,0
69.81.144.249,69.81.144.249,,0,6,6,0,0,0
234.198.53.160,234.198.53.160,,0,5,5,0,0,0
237.131.62.97,237.131.62.97,,0,1,1,0,0,0
183.140.234.116,183.140.234.116,,0,5,5,0,0,0
237.44.164.101,237.44.164.101,,0,5,5,0,0,0
178.40.186.31,178.40.186.31,,0,5,5,0,0,0
73.228.155.118,73.228.155.118,,0,1,1,0,0,0
214.48.42.32,214.48.42.32,,0,5,5,0,0,0
94.236.95.170,94.236.95.170,,5,5,10,0,0,0
204.13.250.100,204.13.250.100,,4,4,8,0,0,0
92.38.226.10,92.38.226.10,,4,4,8,0,0,0
72.8.150.27,72.8.150.27,,9,9,18,0,0,0
67.228.254.4,67.228.254.4,,9,9,18,0,0,0
173.241.196.71,173.241.196.71,,8,9,17,0,0,0
62.149.10.18,62.149.10.18,,9,9,18,0,0,0
209.212.156.211,209.212.156.211,,9,9,18,0,0,0
208.43.152.32,208.43.152.32,,9,8,17,0,0,0
195.149.112.1,195.149.112.1,,8,7,15,0,0,0
174.132.26.224,174.132.26.224,,7,7,14,0,0,0
62.116.159.12,62.116.159.12,,7,7,14,0,0,0
46.4.54.247,46.4.54.247,,7,7,14,0,0,0
66.96.204.109,66.96.204.109,,8,7,15,0,0,0
74.81.73.109,74.81.73.109,,8,8,16,0,0,0
98.124.194.1,98.124.194.1,,8,8,16,0,0,0
178.205.129.29,178.205.129.29,,9,9,18,0,0,0
94.23.231.166,94.23.231.166,,9,9,18,0,0,0
31.31.196.6,31.31.196.6,,9,9,18,0,0,0
188.138.114.89,188.138.114.89,,7,7,14,0,0,0
119.154.24.194,119.154.24.194,,9,9,18,0,0,0
195.113.232.81,195.113.232.81,,8,8,16,0,0,0
202.112.126.217,202.112.126.217,,8,8,16,0,0,0
178.170.233.5,178.170.233.5,,8,8,16,0,0,0
222.85.179.42,222.85.179.42,,5,0,5,0,0,0
200.123.152.60,200.123.152.60,,7,0,7,0,0,0
74.125.244.10,74.125.244.10,,7,0,7,0,0,0
80.191.196.145,80.191.196.145,,7,0,7,0,0,0
239.65.246.147,239.65.246.147,,0,1,1,0,0,0
201.119.202.78,201.119.202.78,,0,1,1,0,0,0
117.208.149.133,117.208.149.133,,0,1,1,0,0,0
208.152.200.45,208.152.200.45,,0,1,1,0,0,0
73.65.143.176,73.65.143.176,,0,1,1,0,0,0
43.42.79.203,43.42.79.203,,0,1,1,0,0,0
204.91.46.214,204.91.46.214,,0,1,1,0,0,0
62.44.29.54,62.44.29.54,,3,0,3,0,0,0
121.245.3.131,121.245.3.131,,3,0,3,0,0,0
207.69.189.217,207.69.189.217,,3,0,3,0,0,0
200.91.27.33,200.91.27.33,,3,0,3,0,0,0
212.79.242.245,212.79.242.245,,3,0,3,0,0,0
67.231.152.39,67.231.152.39,,3,0,3,0,0,0
109.86.117.4,109.86.117.4,,3,0,3,0,0,0
212.74.114.145,212.74.114.145,,3,0,3,0,0,0
117.204.74.3,117.204.74.3,,3,0,3,0,0,0
95.59.1.63,95.59.1.63,,5,0,5,0,0,0
24.71.223.11,24.71.223.11,,5,0,5,0,0,0
211.140.47.197,211.140.47.197,,5,0,5,0,0,0
68.236.174.86,68.236.174.86,,5,0,5,0,0,0
84.20.139.21,84.20.139.21,,5,0,5,0,0,0
68.67.185.209,68.67.185.209,,13,13,26,0,0,0
68.67.179.213,68.67.179.213,,9,9,18,0,0,0
178.95.10.210,178.95.10.210,,10,10,20,0,0,0
195.128.64.3,195.128.64.3,,9,9,18,0,0,0
62.183.1.244,62.183.1.244,,9,9,18,0,0,0
194.28.85.31,194.28.85.31,,9,9,18,0,0,0
82.146.45.69,82.146.45.69,,9,9,18,0,0,0
81.176.68.147,81.176.68.147,,10,10,20,0,0,0
212.248.42.90,212.248.42.90,,9,0,9,0,0,0
74.81.73.102,74.81.73.102,,8,9,17,0,0,0
77.52.221.128,77.52.221.128,,0,5,5,0,0,0
200.143.171.29,200.143.171.29,,0,3,3,0,0,0
238.28.200.31,238.28.200.31,,0,6,6,0,0,0
207.45.229.155,207.45.229.155,,0,1,1,0,0,0
218.0.32.73,218.0.32.73,,0,5,5,0,0,0
238.41.63.220,238.41.63.220,,0,1,1,0,0,0
216.249.133.150,216.249.133.150,,0,1,1,0,0,0
82.167.235.49,82.167.235.49,,0,1,1,0,0,0
237.111.11.47,237.111.11.47,,0,10,10,0,0,0
68.137.244.185,68.137.244.185,,0,2,2,0,0,0
78.76.88.191,78.76.88.191,,0,5,5,0,0,0
43.42.79.200,43.42.79.200,,0,2,2,0,0,0
68.137.244.153,68.137.244.153,,0,1,1,0,0,0
190.112.185.26,190.112.185.26,,0,2,2,0,0,0
237.113.128.4,237.113.128.4,,0,1,1,0,0,0
72.76.167.221,72.76.167.221,,0,1,1,0,0,0
63.179.201.214,63.179.201.214,,0,1,1,0,0,0
250.27.147.249,250.27.147.249,,0,1,1,0,0,0
67.17.71.237,67.17.71.237,,0,1,1,0,0,0
179.214.100.17,179.214.100.17,,0,1,1,0,0,0
209.212.50.71,209.212.50.71,,0,1,1,0,0,0
43.42.79.220,43.42.79.220,,0,2,2,0,0,0
217.34.4.225,217.34.4.225,,7,7,14,0,0,0
41.251.251.106,41.251.251.106,,7,7,14,0,0,0
68.67.179.210,68.67.179.210,,7,7,14,0,0,0
202.95.154.126,202.95.154.126,,7,7,14,0,0,0
122.127.64.127,122.127.64.127,,7,7,14,0,0,0
118.96.124.137,118.96.124.137,,3,2,5,0,0,0
195.113.232.99,195.113.232.99,,3,3,6,0,0,0
82.205.224.1,82.205.224.1,,0,3,3,0,0,0
65.55.16.187,65.55.16.187,,4,4,8,0,0,0
41.201.54.29,41.201.54.29,,3,4,7,0,0,0
113.63.103.115,113.63.103.115,,0,1,1,0,0,0
218.4.120.223,218.4.120.223,,0,1,1,0,0,0
183.115.9.96,183.115.9.96,,0,1,1,0,0,0
238.66.234.192,238.66.234.192,,0,5,5,0,0,0
200.28.7.222,200.28.7.222,,0,1,1,0,0,0
92.46.84.17,92.46.84.17,,0,1,1,0,0,0
173.9.242.72,173.9.242.72,,0,1,1,0,0,0
224.108.146.95,224.108.146.95,,0,1,1,0,0,0
233.127.236.26,233.127.236.26,,0,1,1,0,0,0
182.136.147.99,182.136.147.99,,0,1,1,0,0,0
225.210.167.137,225.210.167.137,,0,1,1,0,0,0
209.16.50.192,209.16.50.192,,0,1,1,0,0,0
165.20.226.206,165.20.226.206,,0,1,1,0,0,0
50.50.43.73,50.50.43.73,,0,1,1,0,0,0
174.115.207.203,174.115.207.203,,0,1,1,0,0,0
232.160.185.184,232.160.185.184,,0,1,1,0,0,0
43.28.221.2,43.28.221.2,,0,2,2,0,0,0
179.229.70.205,179.229.70.205,,0,1,1,0,0,0
201.142.23.176,201.142.23.176,,0,1,1,0,0,0
36.127.59.106,36.127.59.106,,0,1,1,0,0,0
225.21.193.61,225.21.193.61,,0,1,1,0,0,0
165.78.228.69,165.78.228.69,,0,1,1,0,0,0
234.193.136.109,234.193.136.109,,0,1,1,0,0,0
112.92.237.153,112.92.237.153,,0,1,1,0,0,0
57.100.105.25,57.100.105.25,,0,5,5,0,0,0
117.208.149.227,117.208.149.227,,0,1,1,0,0,0
117.208.149.226,117.208.149.226,,0,1,1,0,0,0
224.165.130.160,224.165.130.160,,0,1,1,0,0,0
232.48.214.96,232.48.214.96,,0,5,5,0,0,0
89.108.111.105,89.108.111.105,,4,4,8,0,0,0
219.94.105.177,219.94.105.177,,0,5,5,0,0,0
78.46.91.139,78.46.91.139,,5,5,10,0,0,0
83.69.236.66,83.69.236.66,,5,5,10,0,0,0
178.63.181.23,178.63.181.23,,5,5,10,0,0,0
81.177.160.12,81.177.160.12,,5,5,10,0,0,0
199.249.121.1,199.249.121.1,,5,5,10,0,0,0
212.92.165.14,212.92.165.14,,5,5,10,0,0,0
80.237.107.1,80.237.107.1,,5,5,10,0,0,0
178.63.64.194,178.63.64.194,,5,5,10,0,0,0
202.82.250.188,202.82.250.188,,5,5,10,0,0,0
81.200.177.1,81.200.177.1,,5,5,10,0,0,0
167.246.0.200,167.246.0.200,,5,5,10,0,0,0
114.108.154.243,114.108.154.243,,5,0,5,0,0,0
131.173.17.11,131.173.17.11,,5,0,5,0,0,0
143.107.171.10,143.107.171.10,,5,0,5,0,0,0
205.166.218.186,205.166.218.186,,4,0,4,0,0,0
212.82.111.207,212.82.111.207,,6,0,6,0,0,0
88.156.111.111,88.156.111.111,,6,0,6,0,0,0
49.128.164.249,49.128.164.249,,7,0,7,0,0,0
64.18.6.13,64.18.6.13,,7,0,7,0,0,0
79.136.165.190,79.136.165.190,,6,0,6,0,0,0
64.12.138.161,64.12.138.161,,6,0,6,0,0,0
184.154.22.10,184.154.22.10,,6,0,6,0,0,0
119.152.220.218,119.152.220.218,,6,0,6,0,0,0
161.58.16.34,161.58.16.34,,6,0,6,0,0,0
72.4.117.21,72.4.117.21,,6,0,6,0,0,0
85.130.81.228,85.130.81.228,,6,0,6,0,0,0
97.64.187.45,97.64.187.45,,6,0,6,0,0,0
190.77.235.75,190.77.235.75,,6,0,6,0,0,0
119.154.117.193,119.154.117.193,,6,0,6,0,0,0
68.137.135.216,68.137.135.216,,0,1,1,0,0,0
62.137.190.161,62.137.190.161,,0,5,5,0,0,0
85.215.226.101,85.215.226.101,,0,1,1,0,0,0
204.91.46.230,204.91.46.230,,0,1,1,0,0,0
70.181.24.178,70.181.24.178,,0,1,1,0,0,0
68.137.244.178,68.137.244.178,,0,1,1,0,0,0
185.7.198.6,185.7.198.6,,0,2,2,0,0,0
246.146.246.223,246.146.246.223,,0,1,1,0,0,0
64.65.170.223,64.65.170.223,,0,2,2,0,0,0
85.184.79.18,85.184.79.18,,0,1,1,0,0,0
200.167.34.154,200.167.34.154,,0,1,1,0,0,0
68.137.244.169,68.137.244.169,,0,1,1,0,0,0
235.137.57.117,235.137.57.117,,0,1,1,0,0,0
217.16.28.178,217.16.28.178,,4,4,8,0,0,0
81.20.168.10,81.20.168.10,,4,4,8,0,0,0
77.243.97.250,77.243.97.250,,4,0,4,0,0,0
81.9.81.5,81.9.81.5,,4,4,8,0,0,0
213.248.61.57,213.248.61.57,,4,4,8,0,0,0
199.249.113.1,199.249.113.1,,4,4,8,0,0,0
69.50.197.15,69.50.197.15,,4,4,8,0,0,0
77.243.97.254,77.243.97.254,,0,4,4,0,0,0
216.69.185.42,216.69.185.42,,4,4,8,0,0,0
91.219.193.50,91.219.193.50,,4,4,8,0,0,0
193.161.84.90,193.161.84.90,,4,4,8,0,0,0
87.118.93.232,87.118.93.232,,3,4,7,0,0,0
235.206.13.100,235.206.13.100,,0,1,1,0,0,0
178.107.193.75,178.107.193.75,,0,1,1,0,0,0
232.161.86.247,232.161.86.247,,0,1,1,0,0,0
44.127.251.20,44.127.251.20,,0,1,1,0,0,0
173.247.244.100,173.247.244.100,,6,0,6,0,0,0
183.83.108.230,183.83.108.230,,6,0,6,0,0,0
62.73.4.12,62.73.4.12,,6,0,6,0,0,0
124.123.78.67,124.123.78.67,,7,0,7,0,0,0
64.35.141.199,64.35.141.199,,0,1,1,0,0,0
217.218.34.133,217.218.34.133,,0,1,1,0,0,0
208.43.184.193,208.43.184.193,,0,1,1,0,0,0
178.160.40.166,178.160.40.166,,0,1,1,0,0,0
209.212.28.81,209.212.28.81,,0,1,1,0,0,0
198.106.77.100,198.106.77.100,,0,5,5,0,0,0
133.51.254.46,133.51.254.46,,0,1,1,0,0,0
68.137.244.186,68.137.244.186,,0,1,1,0,0,0
182.9.22.235,182.9.22.235,,0,1,1,0,0,0
244.53.140.143,244.53.140.143,,0,1,1,0,0,0
35.68.137.225,35.68.137.225,,0,1,1,0,0,0
208.43.182.148,208.43.182.148,,0,6,6,0,0,0
109.125.64.186,109.125.64.186,,0,1,1,0,0,0
68.137.135.208,68.137.135.208,,0,3,3,0,0,0
209.140.142.203,209.140.142.203,,0,1,1,0,0,0
133.60.79.26,133.60.79.26,,0,1,1,0,0,0
250.209.110.119,250.209.110.119,,0,1,1,0,0,0
82.6.252.215,82.6.252.215,,0,3,3,0,0,0
235.40.21.44,235.40.21.44,,0,1,1,0,0,0
215.128.76.240,215.128.76.240,,0,1,1,0,0,0
250.155.182.85,250.155.182.85,,0,1,1,0,0,0
179.196.192.30,179.196.192.30,,0,1,1,0,0,0
82.7.67.216,82.7.67.216,,0,3,3,0,0,0
68.137.244.181,68.137.244.181,,0,1,1,0,0,0
51.236.240.241,51.236.240.241,,0,4,4,0,0,0
213.124.150.238,213.124.150.238,,0,1,1,0,0,0
179.144.169.242,179.144.169.242,,0,1,1,0,0,0
33.12.111.91,33.12.111.91,,0,5,5,0,0,0
90.156.232.168,90.156.232.168,,6,5,11,0,0,0
208.80.124.4,208.80.124.4,,6,6,12,0,0,0
78.159.121.84,78.159.121.84,,6,6,12,0,0,0
199.254.49.1,199.254.49.1,,6,6,12,0,0,0
61.6.38.139,61.6.38.139,,6,6,12,0,0,0
212.126.64.1,212.126.64.1,,6,7,13,0,0,0
80.249.164.75,80.249.164.75,,7,7,14,0,0,0
195.39.196.43,195.39.196.43,,7,7,14,0,0,0
67.15.47.188,67.15.47.188,,6,7,13,0,0,0
202.186.13.31,202.186.13.31,,6,6,12,0,0,0
194.211.207.209,194.211.207.209,,6,6,12,0,0,0
88.198.13.47,88.198.13.47,,6,6,12,0,0,0
89.185.229.61,89.185.229.61,,7,6,13,0,0,0
66.240.231.42,66.240.231.42,,7,7,14,0,0,0
213.128.83.26,213.128.83.26,,7,7,14,0,0,0
84.204.96.44,84.204.96.44,,7,7,14,0,0,0
193.106.73.254,193.106.73.254,,6,6,12,0,0,0
195.42.162.50,195.42.162.50,,6,6,12,0,0,0
66.135.44.84,66.135.44.84,,7,7,14,0,0,0
178.162.164.242,178.162.164.242,,7,7,14,0,0,0
188.40.253.34,188.40.253.34,,7,7,14,0,0,0
193.243.207.2,193.243.207.2,,6,6,12,0,0,0
46.4.162.187,46.4.162.187,,6,6,12,0,0,0
195.54.2.1,195.54.2.1,,6,6,12,0,0,0
82.135.18.56,82.135.18.56,,6,6,12,0,0,0
212.18.3.8,212.18.3.8,,6,6,12,0,0,0
209.126.159.118,209.126.159.118,,6,6,12,0,0,0
74.52.140.82,74.52.140.82,,6,6,12,0,0,0
66.135.44.67,66.135.44.67,,6,6,12,0,0,0
178.170.251.138,178.170.251.138,,6,6,12,0,0,0
195.19.225.254,195.19.225.254,,6,6,12,0,0,0
217.10.32.5,217.10.32.5,,2,2,4,0,0,0
188.190.97.32,188.190.97.32,,2,2,4,0,0,0
194.42.48.120,194.42.48.120,,2,3,5,0,0,0
109.197.253.241,109.197.253.241,,3,3,6,0,0,0
192.166.15.2,192.166.15.2,,3,3,6,0,0,0
91.204.72.12,91.204.72.12,,3,3,6,0,0,0
212.220.124.5,212.220.124.5,,3,3,6,0,0,0
89.31.142.100,89.31.142.100,,3,3,6,0,0,0
194.54.89.145,194.54.89.145,,3,3,6,0,0,0
98.124.192.1,98.124.192.1,,3,3,6,0,0,0
212.150.52.250,212.150.52.250,,3,3,6,0,0,0
195.208.29.33,195.208.29.33,,3,3,6,0,0,0
194.54.88.37,194.54.88.37,,3,3,6,0,0,0
74.86.171.245,74.86.171.245,,3,3,6,0,0,0
64.182.102.220,64.182.102.220,,3,3,6,0,0,0
193.232.112.1,193.232.112.1,,4,4,8,0,0,0
92.53.116.26,92.53.116.26,,4,4,8,0,0,0
217.114.63.251,217.114.63.251,,4,4,8,0,0,0
91.204.72.61,91.204.72.61,,4,4,8,0,0,0
85.10.211.250,85.10.211.250,,4,0,4,0,0,0
77.221.129.186,77.221.129.186,,4,4,8,0,0,0
202.75.39.36,202.75.39.36,,4,4,8,0,0,0
88.212.221.8,88.212.221.8,,4,4,8,0,0,0
91.192.71.7,91.192.71.7,,4,4,8,0,0,0
83.137.221.180,83.137.221.180,,5,5,10,0,0,0
81.9.5.211,81.9.5.211,,5,5,10,0,0,0
188.138.42.141,188.138.42.141,,5,5,10,0,0,0
81.176.233.101,81.176.233.101,,4,6,10,0,0,0
117.6.6.203,117.6.6.203,,0,2,2,0,0,0
203.150.228.170,203.150.228.170,,5,0,5,0,0,0
208.87.233.190,208.87.233.190,,5,0,5,0,0,0
209.226.94.98,209.226.94.98,,5,0,5,0,0,0
73.62.83.201,73.62.83.201,,0,1,1,0,0,0
68.137.135.198,68.137.135.198,,0,1,1,0,0,0
209.0.241.143,209.0.241.143,,0,1,1,0,0,0
223.134.101.106,223.134.101.106,,0,1,1,0,0,0
50.3.103.137,50.3.103.137,,0,1,1,0,0,0
43.42.79.219,43.42.79.219,,0,1,1,0,0,0
68.137.135.214,68.137.135.214,,0,1,1,0,0,0
214.40.80.190,214.40.80.190,,0,1,1,0,0,0
199.129.128.52,199.129.128.52,,0,1,1,0,0,0
76.222.147.98,76.222.147.98,,0,1,1,0,0,0
174.121.250.241,174.121.250.241,,4,4,8,0,0,0
84.53.200.24,84.53.200.24,,5,5,10,0,0,0
194.176.118.10,194.176.118.10,,5,5,10,0,0,0
178.162.144.154,178.162.144.154,,5,5,10,0,0,0
193.106.72.254,193.106.72.254,,5,0,5,0,0,0
195.28.15.220,195.28.15.220,,5,5,10,0,0,0
81.88.208.250,81.88.208.250,,5,5,10,0,0,0
188.120.245.107,188.120.245.107,,5,5,10,0,0,0
213.145.47.147,213.145.47.147,,5,5,10,0,0,0
46.61.199.75,46.61.199.75,,5,5,10,0,0,0
46.4.194.154,46.4.194.154,,5,5,10,0,0,0
195.46.116.1,195.46.116.1,,5,5,10,0,0,0
217.67.178.162,217.67.178.162,,4,4,8,0,0,0
209.20.89.14,209.20.89.14,,5,5,10,0,0,0
156.154.102.26,156.154.102.26,,5,5,10,0,0,0
212.117.167.100,212.117.167.100,,5,5,10,0,0,0
207.115.21.24,207.115.21.24,,3,0,3,0,0,0
12.1.218.11,12.1.218.11,,3,0,3,0,0,0
209.84.253.95,209.84.253.95,,3,0,3,0,0,0
66.39.2.13,66.39.2.13,,3,0,3,0,0,0
212.52.84.177,212.52.84.177,,3,0,3,0,0,0
165.21.74.117,165.21.74.117,,3,0,3,0,0,0
228.172.131.94,228.172.131.94,,0,1,1,0,0,0
64.151.178.246,64.151.178.246,,0,1,1,0,0,0
170.231.157.101,170.231.157.101,,0,1,1,0,0,0
204.91.46.227,204.91.46.227,,0,1,1,0,0,0
220.27.119.164,220.27.119.164,,0,1,1,0,0,0
242.203.23.153,242.203.23.153,,0,1,1,0,0,0
89.108.124.73,89.108.124.73,,3,3,6,0,0,0
89.108.124.100,89.108.124.100,,3,3,6,0,0,0
227.170.65.48,227.170.65.48,,0,2,2,0,0,0
89.108.124.71,89.108.124.71,,2,0,2,0,0,0
212.224.118.229,212.224.118.229,,2,2,4,0,0,0
188.40.84.18,188.40.84.18,,2,2,4,0,0,0
193.230.31.225,193.230.31.225,,2,2,4,0,0,0
85.249.229.194,85.249.229.194,,3,3,6,0,0,0
193.125.143.57,193.125.143.57,,3,3,6,0,0,0
192.55.83.35,192.55.83.35,,3,3,6,0,0,0
94.79.55.36,94.79.55.36,,3,3,6,0,0,0
80.247.46.30,80.247.46.30,,3,3,6,0,0,0
195.131.4.160,195.131.4.160,,3,3,6,0,0,0
217.117.190.3,217.117.190.3,,3,3,6,0,0,0
46.4.217.129,46.4.217.129,,3,3,6,0,0,0
89.108.109.146,89.108.109.146,,3,0,3,0,0,0
89.108.124.74,89.108.124.74,,3,0,3,0,0,0
194.153.232.17,194.153.232.17,,3,3,6,0,0,0
89.108.124.28,89.108.124.28,,3,0,3,0,0,0
195.210.150.4,195.210.150.4,,3,3,6,0,0,0
194.8.160.10,194.8.160.10,,3,3,6,0,0,0
217.170.67.5,217.170.67.5,,3,3,6,0,0,0
194.87.0.8,194.87.0.8,,3,3,6,0,0,0
213.186.117.20,213.186.117.20,,3,3,6,0,0,0
178.63.51.116,178.63.51.116,,3,3,6,0,0,0
33.12.111.89,33.12.111.89,,0,5,5,0,0,0
82.99.253.2,82.99.253.2,,3,3,6,0,0,0
74.54.79.107,74.54.79.107,,4,4,8,0,0,0
88.198.12.89,88.198.12.89,,4,4,8,0,0,0
81.95.134.1,81.95.134.1,,4,4,8,0,0,0
193.124.133.210,193.124.133.210,,4,4,8,0,0,0
182.200.110.168,182.200.110.168,,0,1,1,0,0,0
117.204.65.119,117.204.65.119,,5,0,5,0,0,0
223.23.67.124,223.23.67.124,,0,1,1,0,0,0
51.229.142.195,51.229.142.195,,0,1,1,0,0,0
117.208.149.134,117.208.149.134,,0,1,1,0,0,0
33.123.190.236,33.123.190.236,,0,4,4,0,0,0
71.33.3.186,71.33.3.186,,0,1,1,0,0,0
218.165.112.11,218.165.112.11,,0,1,1,0,0,0
42.64.157.13,42.64.157.13,,0,1,1,0,0,0
80.9.24.30,80.9.24.30,,0,1,1,0,0,0
235.242.145.59,235.242.145.59,,0,1,1,0,0,0
74.223.140.111,74.223.140.111,,0,1,1,0,0,0
224.4.128.57,224.4.128.57,,0,5,5,0,0,0
49.240.101.255,49.240.101.255,,0,1,1,0,0,0
54.23.186.118,54.23.186.118,,0,2,2,0,0,0
198.132.59.191,198.132.59.191,,0,2,2,0,0,0
164.72.5.37,164.72.5.37,,0,1,1,0,0,0
235.247.139.42,235.247.139.42,,0,1,1,0,0,0
164.68.114.65,164.68.114.65,,0,1,1,0,0,0
245.243.161.160,245.243.161.160,,0,1,1,0,0,0
71.156.32.247,71.156.32.247,,0,1,1,0,0,0
238.181.228.182,238.181.228.182,,0,5,5,0,0,0
176.116.207.109,176.116.207.109,,0,20,20,0,0,0
220.2.48.15,220.2.48.15,,0,1,1,0,0,0
233.154.193.147,233.154.193.147,,0,1,1,0,0,0
173.13.45.167,173.13.45.167,,0,1,1,0,0,0
136.123.160.184,136.123.160.184,,0,1,1,0,0,0
77.162.254.82,77.162.254.82,,0,1,1,0,0,0
237.157.91.98,237.157.91.98,,0,1,1,0,0,0
237.159.125.114,237.159.125.114,,0,1,1,0,0,0
183.138.3.2,183.138.3.2,,0,1,1,0,0,0
183.87.242.167,183.87.242.167,,0,1,1,0,0,0
77.138.206.112,77.138.206.112,,0,1,1,0,0,0
227.130.112.75,227.130.112.75,,0,1,1,0,0,0
136.114.21.132,136.114.21.132,,0,1,1,0,0,0
51.160.105.94,51.160.105.94,,0,1,1,0,0,0
238.177.71.214,238.177.71.214,,0,1,1,0,0,0
71.22.40.208,71.22.40.208,,0,1,1,0,0,0
112.92.59.118,112.92.59.118,,0,1,1,0,0,0
136.104.64.106,136.104.64.106,,0,1,1,0,0,0
235.255.151.195,235.255.151.195,,0,1,1,0,0,0
237.158.92.187,237.158.92.187,,0,1,1,0,0,0
209.188.49.177,209.188.49.177,,0,1,1,0,0,0
129.99.195.190,129.99.195.190,,0,5,5,0,0,0
70.240.252.98,70.240.252.98,,0,1,1,0,0,0
80.0.190.98,80.0.190.98,,0,1,1,0,0,0
174.246.166.211,174.246.166.211,,0,3,3,0,0,0
66.248.154.45,66.248.154.45,,0,1,1,0,0,0
136.118.52.130,136.118.52.130,,0,1,1,0,0,0
183.80.156.3,183.80.156.3,,0,1,1,0,0,0
234.43.61.181,234.43.61.181,,0,1,1,0,0,0
223.178.109.242,223.178.109.242,,0,1,1,0,0,0
178.128.107.144,178.128.107.144,,0,1,1,0,0,0
34.85.229.59,34.85.229.59,,0,1,1,0,0,0
136.186.133.147,136.186.133.147,,0,1,1,0,0,0
244.34.75.32,244.34.75.32,,0,1,1,0,0,0
33.12.200.198,33.12.200.198,,0,1,1,0,0,0
77.82.211.204,77.82.211.204,,0,1,1,0,0,0
198.132.87.113,198.132.87.113,,0,1,1,0,0,0
74.240.149.71,74.240.149.71,,0,1,1,0,0,0
71.5.206.38,71.5.206.38,,0,1,1,0,0,0
217.118.49.2,217.118.49.2,,0,1,1,0,0,0
136.104.136.88,136.104.136.88,,0,1,1,0,0,0
75.83.59.23,75.83.59.23,,0,1,1,0,0,0
211.30.194.33,211.30.194.33,,0,1,1,0,0,0
136.99.113.224,136.99.113.224,,0,1,1,0,0,0
73.54.227.176,73.54.227.176,,0,1,1,0,0,0
209.214.92.200,209.214.92.200,,0,1,1,0,0,0
72.71.176.9,72.71.176.9,,0,1,1,0,0,0
56.228.87.2,56.228.87.2,,0,1,1,0,0,0
225.175.176.70,225.175.176.70,,0,1,1,0,0,0
232.100.41.68,232.100.41.68,,0,20,20,0,0,0
215.193.163.17,215.193.163.17,,0,1,1,0,0,0
225.244.220.22,225.244.220.22,,0,1,1,0,0,0
43.42.79.237,43.42.79.237,,0,1,1,0,0,0
112.92.149.52,112.92.149.52,,0,1,1,0,0,0
212.122.19.179,212.122.19.179,,0,1,1,0,0,0
70.67.173.249,70.67.173.249,,0,1,1,0,0,0
72.30.123.190,72.30.123.190,,0,1,1,0,0,0
75.129.109.157,75.129.109.157,,0,2,2,0,0,0
68.137.244.161,68.137.244.161,,0,1,1,0,0,0
64.177.194.13,64.177.194.13,,0,3,3,0,0,0
221.159.183.239,221.159.183.239,,0,1,1,0,0,0
200.142.232.183,200.142.232.183,,0,3,3,0,0,0
200.138.217.51,200.138.217.51,,0,4,4,0,0,0
213.74.174.188,213.74.174.188,,0,1,1,0,0,0
113.102.88.0,113.102.88.0,,0,1,1,0,0,0
167.125.44.65,167.125.44.65,,0,14,14,0,0,0
70.174.14.131,70.174.14.131,,0,1,1,0,0,0
190.34.208.206,190.34.208.206,,0,1,1,0,0,0
213.128.43.241,213.128.43.241,,0,2,2,0,0,0
136.118.16.192,136.118.16.192,,0,1,1,0,0,0
105.190.148.236,105.190.148.236,,0,2,2,0,0,0
44.126.230.196,44.126.230.196,,0,5,5,0,0,0
234.53.111.231,234.53.111.231,,0,1,1,0,0,0
238.176.247.246,238.176.247.246,,0,1,1,0,0,0
178.129.168.132,178.129.168.132,,0,1,1,0,0,0
178.128.164.104,178.128.164.104,,0,1,1,0,0,0
101.88.129.220,101.88.129.220,,0,1,1,0,0,0
176.113.34.33,176.113.34.33,,0,16,16,0,0,0
182.68.248.252,182.68.248.252,,0,1,1,0,0,0
211.1.31.58,211.1.31.58,,0,1,1,0,0,0
71.83.105.192,71.83.105.192,,0,5,5,0,0,0
234.193.138.119,234.193.138.119,,0,1,1,0,0,0
198.132.87.115,198.132.87.115,,0,1,1,0,0,0
136.110.25.180,136.110.25.180,,0,1,1,0,0,0
71.33.141.14,71.33.141.14,,0,1,1,0,0,0
217.243.19.76,217.243.19.76,,0,1,1,0,0,0
65.174.126.96,65.174.126.96,,0,1,1,0,0,0
253.175.139.177,253.175.139.177,,0,5,5,0,0,0
232.127.55.8,232.127.55.8,,0,3,3,0,0,0
166.192.5.148,166.192.5.148,,0,1,1,0,0,0
68.137.135.199,68.137.135.199,,0,1,1,0,0,0
87.11.125.153,87.11.125.153,,0,1,1,0,0,0
204.91.46.204,204.91.46.204,,0,1,1,0,0,0
68.137.244.134,68.137.244.134,,0,1,1,0,0,0
68.137.244.133,68.137.244.133,,0,1,1,0,0,0
178.99.181.65,178.99.181.65,,0,1,1,0,0,0
71.36.104.206,71.36.104.206,,0,3,3,0,0,0
189.51.37.3,189.51.37.3,,0,1,1,0,0,0
68.137.244.150,68.137.244.150,,0,1,1,0,0,0
202.248.75.11,202.248.75.11,,0,1,1,0,0,0
77.156.202.141,77.156.202.141,,0,1,1,0,0,0
214.8.156.250,214.8.156.250,,0,2,2,0,0,0
73.11.189.251,73.11.189.251,,0,5,5,0,0,0
227.123.84.93,227.123.84.93,,0,1,1,0,0,0
87.66.68.138,87.66.68.138,,0,1,1,0,0,0
43.42.79.251,43.42.79.251,,0,1,1,0,0,0
217.231.240.114,217.231.240.114,,0,1,1,0,0,0
64.32.135.71,64.32.135.71,,0,1,1,0,0,0
164.231.230.27,164.231.230.27,,0,6,6,0,0,0
67.156.212.19,67.156.212.19,,0,1,1,0,0,0
77.140.122.107,77.140.122.107,,0,1,1,0,0,0
235.252.173.249,235.252.173.249,,0,1,1,0,0,0
247.146.232.56,247.146.232.56,,0,1,1,0,0,0
71.74.22.53,71.74.22.53,,0,1,1,0,0,0
234.41.2.98,234.41.2.98,,0,1,1,0,0,0
238.179.87.244,238.179.87.244,,0,5,5,0,0,0
108.51.8.8,108.51.8.8,,0,1,1,0,0,0
136.123.199.170,136.123.199.170,,0,2,2,0,0,0
201.100.152.176,201.100.152.176,,0,1,1,0,0,0
178.165.14.11,178.165.14.11,,0,3,3,0,0,0
200.138.234.195,200.138.234.195,,0,1,1,0,0,0
76.148.4.178,76.148.4.178,,0,1,1,0,0,0
182.6.253.186,182.6.253.186,,0,5,5,0,0,0
200.138.230.49,200.138.230.49,,0,1,1,0,0,0
87.143.176.28,87.143.176.28,,0,5,5,0,0,0
216.243.161.129,216.243.161.129,,0,1,1,0,0,0
68.137.244.182,68.137.244.182,,0,1,1,0,0,0
82.167.246.225,82.167.246.225,,0,1,1,0,0,0
65.226.149.186,65.226.149.186,,0,5,5,0,0,0
76.24.96.6,76.24.96.6,,0,3,3,0,0,0
41.247.223.111,41.247.223.111,,0,3,3,0,0,0
66.28.189.0,66.28.189.0,,0,1,1,0,0,0
200.143.43.236,200.143.43.236,,0,1,1,0,0,0
165.225.21.124,165.225.21.124,,0,1,1,0,0,0
204.91.46.225,204.91.46.225,,0,1,1,0,0,0
208.32.191.239,208.32.191.239,,0,4,4,0,0,0
227.116.160.161,227.116.160.161,,0,1,1,0,0,0
200.187.54.49,200.187.54.49,,0,1,1,0,0,0
212.198.30.165,212.198.30.165,,0,1,1,0,0,0
87.151.50.224,87.151.50.224,,0,5,5,0,0,0
76.162.28.131,76.162.28.131,,0,2,2,0,0,0
78.227.207.191,78.227.207.191,,0,1,1,0,0,0
217.116.239.140,217.116.239.140,,0,1,1,0,0,0
70.175.255.129,70.175.255.129,,0,1,1,0,0,0
228.139.225.127,228.139.225.127,,0,1,1,0,0,0
210.45.113.126,210.45.113.126,,0,1,1,0,0,0
77.49.246.118,77.49.246.118,,0,1,1,0,0,0
182.68.174.189,182.68.174.189,,0,1,1,0,0,0
174.23.122.201,174.23.122.201,,0,1,1,0,0,0
239.66.231.99,239.66.231.99,,0,1,1,0,0,0
235.242.157.22,235.242.157.22,,0,1,1,0,0,0
71.1.78.169,71.1.78.169,,0,1,1,0,0,0
56.247.175.193,56.247.175.193,,0,1,1,0,0,0
222.159.163.135,222.159.163.135,,0,1,1,0,0,0
87.183.63.127,87.183.63.127,,0,1,1,0,0,0
77.86.214.242,77.86.214.242,,0,1,1,0,0,0
44.125.170.204,44.125.170.204,,0,1,1,0,0,0
226.82.222.156,226.82.222.156,,0,1,1,0,0,0
235.246.111.203,235.246.111.203,,0,1,1,0,0,0
131.30.60.107,131.30.60.107,,0,1,1,0,0,0
213.197.27.18,213.197.27.18,,0,1,1,0,0,0
174.224.65.124,174.224.65.124,,0,1,1,0,0,0
44.127.87.87,44.127.87.87,,0,1,1,0,0,0
238.181.253.113,238.181.253.113,,0,1,1,0,0,0
164.85.202.78,164.85.202.78,,0,1,1,0,0,0
66.198.35.82,66.198.35.82,,0,1,1,0,0,0
202.239.101.125,202.239.101.125,,0,1,1,0,0,0
235.251.18.239,235.251.18.239,,0,1,1,0,0,0
87.181.171.102,87.181.171.102,,0,1,1,0,0,0
65.109.179.128,65.109.179.128,,0,1,1,0,0,0
99.176.219.65,99.176.219.65,,0,1,1,0,0,0
125.160.210.101,125.160.210.101,,0,2,2,0,0,0
136.101.104.67,136.101.104.67,,0,1,1,0,0,0
117.208.149.58,117.208.149.58,,0,1,1,0,0,0
117.208.149.59,117.208.149.59,,0,1,1,0,0,0
80.21.22.205,80.21.22.205,,0,1,1,0,0,0
223.55.29.220,223.55.29.220,,0,1,1,0,0,0
65.236.114.61,65.236.114.61,,0,1,1,0,0,0
58.7.55.250,58.7.55.250,,0,1,1,0,0,0
173.13.211.122,173.13.211.122,,0,1,1,0,0,0
76.201.3.135,76.201.3.135,,0,1,1,0,0,0
239.67.74.5,239.67.74.5,,0,1,1,0,0,0
215.250.208.129,215.250.208.129,,0,1,1,0,0,0
237.140.182.215,237.140.182.215,,0,1,1,0,0,0
44.125.102.8,44.125.102.8,,0,1,1,0,0,0
234.63.245.149,234.63.245.149,,0,1,1,0,0,0
69.34.175.192,69.34.175.192,,0,5,5,0,0,0
174.76.63.145,174.76.63.145,,0,1,1,0,0,0
152.92.242.85,152.92.242.85,,0,1,1,0,0,0
79.218.213.225,79.218.213.225,,0,1,1,0,0,0
50.238.239.28,50.238.239.28,,0,1,1,0,0,0
129.227.230.107,129.227.230.107,,0,4,4,0,0,0
237.151.49.65,237.151.49.65,,0,1,1,0,0,0
78.20.82.247,78.20.82.247,,0,1,1,0,0,0
60.151.62.137,60.151.62.137,,0,1,1,0,0,0
190.34.214.107,190.34.214.107,,0,1,1,0,0,0
222.183.93.231,222.183.93.231,,0,1,1,0,0,0
195.211.50.134,195.211.50.134,,0,1,1,0,0,0
182.216.12.0,182.216.12.0,,0,1,1,0,0,0
164.72.139.44,164.72.139.44,,0,1,1,0,0,0
44.127.160.88,44.127.160.88,,0,1,1,0,0,0
201.48.176.74,201.48.176.74,,0,1,1,0,0,0
66.87.219.54,66.87.219.54,,0,1,1,0,0,0
